   x    y
 549  540
 550  539
 550  538
 551  537
 552  536
 553  535
 554  534
 555  533
 555  532
 556  531
 556  530
 557  529
 557  528
 557  527
 557  526
 556  525
 555  524
 554  523
 554  522
 553  521
 553  520
 553  519
 554  518
 554  517
 555  517
 556  517
 557  516
 557  515
 558  515
 559  515
 560  514
 561  513
 561  512
 561  511
 560  510
 559  509
 558  509
 558  508
 558  507
 558  506
 558  505
 558  504
 558  503
 558  502
 559  501
 560  500
 561  499
 561  498
 561  497
 560  496
 560  495
 559  494
 559  493
 559  492
 559  491
 560  490
 560  489
 560  488
 561  487
 561  486
 561  485
 561  484
 562  484
 563  484
 563  485
 562  486
 562  487
 562  488
 562  489
 562  490
 563  491
 563  492
 564  493
 564  494
 564  495
 565  496
 566  497
 567  498
 568  499
 569  499
 570  499
 571  499
 572  498
 573  498
 574  498
 575  498
 576  498
 577  497
 578  496
 579  495
 579  494
 580  493
 580  492
 581  491
 582  490
 583  489
 584  488
 585  488
 586  487
 587  486
 587  485
 587  484
 588  483
 588  482
 588  481
 588  480
 588  479
 589  478
 589  477
 589  476
 590  477
 591  477
 591  478
 591  479
 591  480
 591  481
 591  482
 591  483
 591  484
 591  485
 591  486
 591  487
 592  488
 593  489
 594  489
 595  489
 596  489
 597  488
 598  487
 599  486
 600  485
 601  484
 602  483
 603  482
 604  482
 605  481
 606  481
 607  480
 608  480
 609  479
 610  479
 611  478
 612  478
 613  478
 614  478
 615  478
 616  478
 617  478
 618  479
 619  480
 620  480
 621  480
 622  481
 623  482
 623  483
 624  484
 625  484
 625  485
 626  486
 627  486
 627  487
 628  488
 628  489
 627  490
 627  491
 626  492
 625  493
 625  492
 624  491
 623  492
 622  493
 622  494
 621  495
 620  495
 619  495
 618  496
 618  497
 617  497
 616  498
 616  499
 615  499
 614  499
 613  500
 612  501
 612  502
 612  503
 612  504
 613  505
 614  506
 615  506
 616  507
 617  508
 618  508
 619  508
 620  508
 621  507
 622  507
 623  507
 624  506
 625  506
 626  505
 627  505
 628  504
 629  503
 630  502
 631  501
 632  500
 633  499
 634  499
 635  498
 636  498
 637  498
 638  499
 639  499
 640  500
 641  500
 642  501
 643  501
 644  502
 645  502
 646  503
 647  503
 648  503
 649  503
 650  503
 651  503
 652  503
 652  504
 652  505
 652  506
 651  507
 651  508
 651  509
 651  510
 650  511
 650  512
 650  513
 650  514
 649  514
 648  515
 647  516
 646  516
 645  516
 644  515
 643  515
 642  514
 641  514
 640  514
 639  515
 638  515
 637  515
 636  516
 635  517
 634  518
 633  519
 632  520
 631  521
 630  522
 629  522
 628  522
 627  523
 626  523
 625  523
 624  523
 623  523
 622  522
 621  522
 621  521
 620  520
 619  519
 618  519
 617  519
 616  520
 616  521
 616  522
 615  523
 615  524
 614  525
 613  526
 613  527
 613  528
 613  529
 613  530
 613  531
 612  532
 612  533
 612  534
 611  535
 611  536
 610  537
 609  537
 608  537
 607  538
 606  538
 605  537
 604  537
 603  536
 602  536
 601  536
 600  535
 599  535
 598  535
 597  535
 596  536
 595  536
 594  537
 593  537
 592  537
 591  537
 590  537
 589  538
 588  538
 588  537
 588  536
 588  535
 588  534
 589  534
 590  533
 591  533
 592  532
 593  531
 594  531
 595  530
 595  529
 595  528
 596  527
 596  526
 597  525
 598  524
 598  523
 599  522
 600  521
 600  520
 601  519
 601  518
 601  517
 601  516
 601  515
 601  514
 601  513
 602  512
 602  511
 602  510
 602  509
 602  508
 602  507
 603  506
 603  505
 604  504
 604  503
 604  502
 604  501
 604  500
 604  499
 604  498
 603  497
 602  496
 601  497
 600  496
 599  497
 598  497
 597  497
 596  498
 595  498
 594  499
 593  500
 593  501
 592  501
 591  502
 590  502
 589  503
 589  504
 588  505
 588  506
 588  507
 589  508
 589  509
 589  510
 589  511
 589  512
 589  513
 589  514
 589  515
 589  516
 589  517
 588  518
 587  518
 586  519
 585  519
 584  520
 583  521
 582  522
 581  523
 580  523
 579  523
 578  524
 577  525
 576  526
 575  526
 574  525
 573  525
 572  525
 571  525
 570  524
 569  525
 568  526
 567  527
 566  528
 565  529
 564  530
 563  531
 562  531
 561  532
 560  533
 559  534
 558  535
 558  536
 557  537
 556  538
 555  539
 555  540
 554  541
 553  542
 552  543
 552  544
 551  545
 550  545
 549  545
 549  544
 549  543
 549  542
 549  541
 549  540
 378  611
 377  611
 376  611
 375  611
 374  611
 373  611
 372  611
 371  611
 370  611
 369  610
 368  610
 367  610
 366  610
 365  610
 364  611
 363  612
 362  612
 361  612
 360  613
 359  614
 359  615
 359  616
 359  617
 358  618
 357  619
 357  620
 356  621
 355  622
 354  622
 353  622
 353  621
 352  620
 352  619
 352  618
 353  617
 353  616
 353  615
 353  614
 353  613
 353  612
 353  611
 352  610
 351  609
 350  609
 349  610
 348  611
 347  611
 346  611
 345  611
 344  611
 343  611
 342  610
 341  609
 341  608
 341  607
 341  606
 422  474
 421  474
 420  474
 419  475
 418  475
 417  475
 416  475
 415  476
 414  476
 413  477
 412  477
 411  477
 410  476
 410  475
 410  474
 410  473
 409  645
 410  644
 410  643
 411  643
 412  642
 412  641
 412  640
 412  639
 411  638
 411  637
 410  636
 410  635
 410  634
 410  633
 410  632
 410  631
 410  630
 410  629
 410  628
 410  627
 410  626
 411  625
 412  624
 413  623
 414  622
 415  622
 416  621
 417  620
 417  619
 418  619
 419  618
 420  617
 421  616
 422  615
 423  614
 424  614
 425  613
 426  612
 427  612
 428  611
 429  610
 430  609
 431  608
 432  607
 433  606
 434  605
 435  604
 435  603
 435  602
 435  601
 435  600
 435  599
 436  598
 436  597
 436  596
 436  595
 437  594
 438  593
 439  592
 440  591
 440  590
 440  589
 441  589
 442  589
 443  588
 444  587
 444  586
 444  585
 444  584
 443  583
 442  582
 441  581
 441  580
 440  579
 439  579
 438  579
 438  578
 437  577
 437  576
 438  576
 439  575
 440  574
 441  573
 441  572
 441  571
 441  570
 441  569
 441  568
 441  567
 441  566
 441  565
 441  564
 441  563
 441  562
 441  561
 442  560
 442  559
 442  558
 442  557
 442  556
 442  555
 442  554
 442  553
 442  552
 442  551
 442  550
 442  549
 442  548
 442  547
 441  546
 441  545
 440  544
 440  543
 440  542
 439  541
 439  540
 438  539
 438  538
 438  537
 437  536
 437  535
 436  534
 436  533
 436  532
 436  531
 436  530
 436  529
 436  528
 436  527
 436  526
 436  525
 436  524
 435  523
 435  522
 435  521
 435  520
 435  519
 435  518
 434  517
 434  516
 434  515
 433  514
 433  513
 433  512
 433  511
 434  511
 435  510
 435  509
 435  508
 435  507
 435  506
 435  505
 434  504
 434  503
 434  502
 434  501
 433  500
 432  499
 432  498
 432  497
 431  496
 430  495
 431  494
 431  493
 431  492
 431  491
 430  490
 430  489
 429  488
 428  488
 427  487
 426  487
 425  486
 424  485
 423  484
 422  483
 421  482
 420  481
 419  480
 418  479
 417  478
 416  477
 415  477
 415  476
 414  475
 413  474
 412  473
 411  473
 410  473
 409  473
 408  474
 407  474
 406  475
 406  476
 405  476
 404  476
 403  477
 402  478
 401  478
 400  478
 399  478
 398  477
 397  477
 396  477
 395  476
 396  475
 397  474
 397  473
 398  472
 399  472
 400  472
 401  472
 402  471
 403  471
 404  470
 405  470
 406  469
 407  469
 408  469
 409  469
 410  469
 411  468
 411  467
 411  466
 410  465
 409  465
 408  465
 407  465
 406  464
 405  463
 404  462
 403  462
 402  462
 401  462
 400  462
 399  462
 398  462
 397  462
 396  462
 395  461
 395  460
 395  459
 396  458
 396  457
 397  456
 397  455
 398  454
 398  453
 399  452
 400  451
 400  450
 400  449
 400  448
 400  447
 399  446
 398  445
 397  445
 396  445
 395  445
 394  446
 393  445
 392  446
 391  446
 390  446
 389  446
 388  446
 387  446
 386  446
 385  446
 384  446
 383  446
 382  446
 381  445
 380  445
 379  445
 378  444
 377  443
 376  443
 375  443
 374  442
 373  442
 372  442
 371  442
 370  442
 370  441
 370  440
 370  439
 370  438
 371  438
 372  438
 373  438
 374  438
 375  438
 376  438
 377  438
 378  438
 379  438
 380  438
 381  438
 382  439
 383  439
 384  439
 385  440
 386  440
 387  440
 388  440
 389  440
 390  440
 391  439
 392  438
 391  437
 390  436
 389  435
 388  434
 387  434
 386  434
 385  434
 384  433
 383  433
 382  433
 381  432
 380  432
 379  432
 378  432
 377  432
 376  432
 375  432
 374  432
 373  433
 372  434
 371  434
 370  434
 369  434
 368  435
 367  435
 366  435
 365  436
 365  437
 364  438
 363  439
 363  440
 363  441
 363  442
 363  443
 363  444
 364  445
 365  446
 364  446
 363  447
 363  448
 362  449
 361  449
 360  450
 359  450
 358  451
 357  451
 356  452
 356  453
 355  454
 354  453
 353  452
 352  452
 351  452
 350  452
 349  452
 349  451
 349  450
 348  449
 347  448
 346  447
 345  447
 344  446
 343  446
 342  446
 341  446
 340  446
 339  446
 338  446
 337  446
 336  447
 335  447
 334  448
 333  448
 332  448
 332  447
 685  691
 684  690
 683  689
 682  688
 681  687
 680  686
 679  686
 678  685
 677  684
 676  683
 675  682
 674  682
 673  681
 672  681
 671  680
 670  679
 670  678
 669  677
 669  676
 668  675
 667  674
 666  673
 665  672
 664  671
 664  670
 663  669
 663  668
 662  667
 662  666
 661  665
 661  664
 661  663
 660  662
 660  661
 660  660
 659  659
 658  658
 657  657
 657  656
 656  655
 656  654
 655  653
 655  652
 654  651
 654  650
 653  649
 652  648
 652  647
 651  646
 650  646
 649  646
 648  647
 648  648
 648  649
 648  650
 648  651
 648  652
 648  653
 648  654
 648  655
 648  656
 649  657
 650  657
 650  658
 650  659
 651  660
 650  661
 650  662
 649  663
 648  664
 647  665
 647  666
 646  667
 646  668
 646  669
 645  670
 645  671
 644  672
 644  673
 645  674
 645  675
 645  676
 644  677
 644  678
 644  679
 644  680
 645  681
 646  682
 646  683
 647  684
 648  685
 649  686
 650  687
 650  688
 650  689
 650  690
 650  691
 650  692
 650  693
 649  693
 648  693
 647  693
 646  693
 645  693
 644  692
 643  692
 643  691
 642  690
 641  689
 640  689
 639  689
 638  689
 637  690
 636  690
 635  691
 634  692
 633  692
 632  692
 631  692
 631  691
 631  690
 631  689
 631  688
 630  687
 629  686
 628  685
 627  685
 626  684
 625  684
 625  683
 624  682
 623  682
 622  683
 621  682
 620  681
 620  680
 620  679
 620  678
 620  677
 620  676
 620  675
 620  674
 620  673
 620  672
 620  671
 620  670
 619  669
 619  668
 618  667
 618  666
 617  665
 616  664
 615  664
 614  664
 613  663
 612  663
 611  663
 610  664
 609  665
 608  666
 607  667
 606  667
 605  668
 604  668
 603  668
 602  668
 601  667
 600  667
 600  666
 600  665
 599  664
 599  663
 600  662
 600  661
 601  660
 601  659
 601  658
 601  657
 602  656
 602  655
 602  654
 602  653
 602  652
 602  651
 602  650
 602  649
 602  648
 602  647
 602  646
 602  645
 602  644
 602  643
 602  642
 602  641
 602  640
 602  639
 601  638
 600  637
 599  637
 598  637
 597  637
 596  637
 595  637
 594  637
 593  637
 592  637
 591  637
 590  637
 589  637
 588  637
 588  636
 587  635
 587  634
 587  633
 587  632
 588  632
 589  631
 589  630
 589  629
 588  628
 587  627
 586  627
 585  627
 584  627
 583  627
 582  627
 581  627
 580  628
 579  628
 578  628
 577  628
 576  628
 575  627
 575  626
 575  625
 575  624
 575  623
 575  622
 575  621
 574  620
 574  619
 574  618
 574  617
 574  616
 575  615
 575  614
 575  613
 576  613
 577  612
 578  611
 579  611
 580  611
 581  610
 582  610
 583  610
 584  609
 584  608
 585  607
 585  606
 585  605
 584  604
 584  603
 583  602
 582  601
 581  600
 580  599
 580  598
 579  597
 579  596
 578  595
 578  594
 577  593
 576  592
 575  591
 574  590
 573  589
 572  589
 571  588
 570  588
 569  588
 568  588
 567  588
 566  588
 565  588
 564  588
 563  588
 562  589
 561  590
 560  591
 560  592
 559  593
 559  594
 558  595
 558  596
 557  596
 556  596
 555  596
 554  596
 553  596
 552  596
 551  596
 550  596
 549  596
 548  597
 547  598
 546  598
 545  598
 544  599
 543  599
 542  599
 541  598
 540  598
 539  598
 538  598
 537  598
 536  598
 535  598
 534  597
 533  597
 532  597
 531  597
 530  596
 529  597
 528  597
 527  598
 526  598
 525  599
 524  599
 523  600
 522  601
 521  601
 520  602
 519  603
 518  604
 517  604
 516  605
 516  606
 516  607
 516  608
 516  609
 515  610
 515  611
 515  612
 515  613
 515  614
 515  615
 515  616
 516  617
 517  618
 518  619
 518  620
 519  621
 520  622
 521  623
 522  624
 523  625
 524  626
 524  627
 525  628
 524  629
 523  629
 522  629
 521  628
 520  628
 519  628
 518  629
 518  630
 518  631
 518  632
 518  633
 518  634
 518  635
 518  636
 518  637
 519  638
 519  639
 520  640
 520  641
 520  642
 519  643
 518  643
 517  644
 516  645
 515  645
 514  644
 514  643
 513  642
 513  641
 513  640
 513  639
 513  638
 512  637
 512  636
 512  635
 511  634
 511  633
 511  632
 511  631
 511  630
 510  629
 510  628
 510  627
 510  626
 510  625
 510  624
 510  623
 510  622
 510  621
 510  620
 510  619
 510  618
 510  617
 510  616
 510  615
 510  614
 509  613
 509  612
 509  611
 508  610
 508  609
 507  608
 508  607
 509  606
 509  605
 509  604
 509  603
 508  602
 508  601
 507  600
 506  600
 505  600
 504  600
 503  600
 502  600
 501  601
 500  602
 499  603
 498  604
 497  605
 496  606
 495  606
 494  607
 493  607
 492  608
 491  608
 490  609
 489  610
 489  611
 489  612
 488  613
 487  614
 487  615
 487  616
 486  617
 485  616
 484  615
 483  614
 483  613
 483  612
 482  611
 481  610
 481  609
 480  608
 479  607
 478  607
 477  607
 476  607
 475  607
 474  607
 473  607
 472  607
 471  607
 470  607
 469  606
 468  605
 468  604
