   x    y
 531  390
 532  390
 533  390
 534  391
 534  392
 534  393
 534  394
 533  394
 532  394
 531  394
 531  393
 531  392
 531  391
 531  390
 507  587
 507  588
 508  589
 509  589
 510  590
 511  591
 512  591
 513  592
 514  593
 515  594
 516  595
 517  596
 518  595
 519  595
 520  596
 521  597
 521  598
 521  599
 521  600
 521  601
 521  602
 521  603
 521  604
 520  605
 520  606
 519  607
 519  608
 519  609
 518  609
 517  610
 516  611
 515  611
 514  611
 513  611
 512  612
 511  613
 510  614
 510  615
 509  616
 508  616
 507  617
 506  617
 505  616
 504  616
 504  615
 504  614
 504  613
 504  612
 504  611
 504  610
 504  609
 504  608
 504  607
 504  606
 503  605
 503  604
 503  603
 503  602
 503  601
 503  600
 544  413
 545  412
 545  411
 545  410
 545  409
 546  408
 546  407
 546  406
 546  405
 546  404
 545  403
 544  402
 544  401
 544  400
 544  399
 544  398
 544  397
 544  396
 544  395
 544  394
 544  393
 545  392
 546  391
 546  390
 547  389
 547  388
 548  387
 548  386
 548  385
 549  384
 550  383
 550  382
 551  381
 552  380
 553  379
 554  379
 555  379
 556  379
 557  379
 558  378
 559  377
 559  376
 560  376
 560  377
 561  378
 561  379
 561  380
 562  381
 562  382
 561  383
 560  383
 559  383
 558  383
 557  384
 556  384
 555  384
 554  384
 553  385
 552  386
 551  387
 550  388
 550  389
 550  390
 549  391
 549  392
 549  393
 549  394
 549  395
 550  396
 550  397
 550  398
 550  399
 550  400
 550  401
 551  402
 552  403
 553  404
 554  403
 555  404
 556  404
 557  404
 558  404
 559  403
 560  403
 561  403
 562  403
 563  402
 564  402
 565  401
 566  400
 566  399
 567  398
 567  397
 568  396
 568  395
 569  394
 570  394
 571  393
 571  394
 571  395
 571  396
 571  397
 570  398
 569  399
 568  400
 568  401
 567  402
 566  403
 565  404
 564  405
 563  406
 562  406
 561  407
 560  408
 559  408
 558  409
 557  410
 556  410
 555  410
 554  411
 553  412
 552  412
 551  413
 551  414
 550  415
 549  416
 549  417
 549  418
 549  419
 549  420
 549  421
 549  422
 548  423
 548  424
 548  425
 548  426
 547  427
 547  428
 547  429
 546  430
 546  431
 545  432
 545  433
 544  434
 544  435
 543  436
 542  437
 541  437
 540  438
 539  439
 538  440
 537  441
 536  442
 535  443
 535  444
 534  445
 534  446
 533  447
 532  448
 531  449
 530  449
 529  450
 528  450
 527  451
 526  452
 525  452
 524  452
 523  452
 522  452
 521  452
 520  453
 519  453
 518  454
 519  455
 519  456
 520  457
 521  457
 522  458
 523  458
 524  458
 525  458
 526  459
 527  460
 527  461
 527  462
 528  463
 528  464
 528  465
 528  466
 528  467
 528  468
 528  469
 528  470
 529  471
 530  472
 531  473
 532  474
 533  475
 534  475
 534  476
 534  477
 533  477
 532  478
 531  479
 530  478
 529  478
 528  478
 527  478
 526  479
 525  480
 525  481
 524  482
 523  483
 522  484
 521  485
 520  486
 520  487
 519  488
 518  488
 517  489
 516  490
 516  491
 515  492
 514  493
 514  494
 513  495
 512  496
 511  497
 510  497
 509  497
 508  497
 507  496
 507  495
 506  494
 506  493
 506  492
 506  491
 506  490
 506  489
 506  488
 506  487
 506  486
 506  485
 505  484
 505  483
 505  482
 505  481
 504  480
 503  479
 503  478
 503  477
 502  476
 502  475
 502  474
 502  473
 502  472
 502  471
 501  470
 501  469
 501  468
 501  467
 473  742
 472  742
 471  741
 471  740
 470  739
 470  738
 471  737
 472  737
 473  737
 474  737
 475  736
 476  735
 476  734
 477  733
 477  732
 477  731
 477  730
 477  729
 477  728
 477  727
 478  726
 479  725
 480  724
 481  723
 481  722
 481  721
 481  720
 481  719
 480  718
 479  719
 478  719
 477  720
 477  719
 477  718
 477  717
 476  716
 475  716
 474  716
 473  716
 472  716
 471  716
 470  717
 470  718
 469  719
 468  720
 467  721
 466  722
 465  722
 464  723
 463  723
 462  723
 461  723
 460  723
 459  722
 459  721
 459  720
 459  719
 393  602
 392  603
 391  603
 390  603
 389  604
 388  604
 387  603
 386  603
 385  602
 384  602
 384  601
 384  600
 383  599
 382  598
 381  598
 380  598
 379  599
 378  599
 377  600
 376  601
 375  601
 374  602
 373  603
 373  604
 374  605
 375  605
 376  605
 377  605
 378  605
 379  605
 380  605
 381  606
 382  606
 382  607
 383  608
 383  609
 383  610
 382  611
 381  611
 380  610
 379  611
 378  611
 377  611
 376  611
 375  611
 374  611
 373  611
 372  611
 371  611
 370  611
 369  610
 368  610
 367  610
 366  610
 365  610
 364  611
 363  612
 362  612
 361  612
 360  613
 359  614
 359  615
 359  616
 359  617
 358  618
 357  619
 357  620
 356  621
 355  622
 354  622
 353  622
 353  621
 352  620
 352  619
 352  618
 353  617
 353  616
 353  615
 353  614
 353  613
 353  612
 353  611
 352  610
 351  609
 350  609
 349  610
 348  611
 347  611
 346  611
 345  611
 344  611
 343  611
 342  610
 341  609
 341  608
 341  607
 341  606
 422  474
 421  474
 420  474
 419  475
 418  475
 417  475
 416  475
 415  476
 414  476
 413  477
 412  477
 411  477
 410  476
 410  475
 410  474
 410  473
 409  645
 410  644
 410  643
 411  643
 412  642
 412  641
 412  640
 412  639
 411  638
 411  637
 410  636
 410  635
 410  634
 410  633
 410  632
 410  631
 410  630
 410  629
 410  628
 410  627
 410  626
 411  625
 412  624
 413  623
 414  622
 415  622
 416  621
 417  620
 417  619
 418  619
 419  618
 420  617
 421  616
 422  615
 423  614
 424  614
 425  613
 426  612
 427  612
 428  611
 429  610
 430  609
 431  608
 432  607
 433  606
 434  605
 435  604
 435  603
 435  602
 435  601
 435  600
 435  599
 436  598
 436  597
 436  596
 436  595
 437  594
 438  593
 439  592
 440  591
 440  590
 440  589
 441  589
 442  589
 443  588
 444  587
 444  586
 444  585
 444  584
 443  583
 442  582
 441  581
 441  580
 440  579
 439  579
 438  579
 438  578
 437  577
 437  576
 438  576
 439  575
 440  574
 441  573
 441  572
 441  571
 441  570
 441  569
 441  568
 441  567
 441  566
 441  565
 441  564
 441  563
 441  562
 441  561
 442  560
 442  559
 442  558
 442  557
 442  556
 442  555
 442  554
 442  553
 442  552
 442  551
 442  550
 442  549
 442  548
 442  547
 441  546
 441  545
 440  544
 440  543
 440  542
 439  541
 439  540
 438  539
 438  538
 438  537
 437  536
 437  535
 436  534
 436  533
 436  532
 436  531
 436  530
 436  529
 436  528
 436  527
 436  526
 436  525
 436  524
 435  523
 435  522
 435  521
 435  520
 435  519
 435  518
 434  517
 434  516
 434  515
 433  514
 433  513
 433  512
 433  511
 434  511
 435  510
 435  509
 435  508
 435  507
 435  506
 435  505
 434  504
 434  503
 434  502
 434  501
 433  500
 432  499
 432  498
 432  497
 431  496
 430  495
 431  494
 431  493
 431  492
 431  491
 430  490
 430  489
 429  488
 428  488
 427  487
 426  487
 425  486
 424  485
 423  484
 422  483
 421  482
 420  481
 419  480
 418  479
 417  478
 416  477
 415  477
 415  476
 414  475
 413  474
 412  473
 411  473
 410  473
 409  473
 408  474
 407  474
 406  475
 406  476
 405  476
 404  476
 403  477
 402  478
 401  478
 400  478
 399  478
 398  477
 397  477
 396  477
 395  476
 396  475
 397  474
 397  473
 398  472
 399  472
 400  472
 401  472
 402  471
 403  471
 404  470
 405  470
 406  469
 407  469
 408  469
 409  469
 410  469
 411  468
 411  467
 411  466
 410  465
 409  465
 408  465
 407  465
 406  464
 405  463
 404  462
 403  462
 402  462
 401  462
 400  462
 399  462
 398  462
 397  462
 396  462
 395  461
 395  460
 395  459
 396  458
 396  457
 397  456
 397  455
 398  454
 398  453
 399  452
 400  451
 400  450
 400  449
 400  448
 400  447
 399  446
 398  445
 397  445
 396  445
 395  445
 394  446
 393  445
 392  446
 391  446
 390  446
 389  446
 388  446
 387  446
 386  446
 385  446
 384  446
 383  446
 382  446
 381  445
 380  445
 379  445
 378  444
 377  443
 376  443
 375  443
 374  442
 373  442
 372  442
 371  442
 370  442
 370  441
 370  440
 370  439
 370  438
 371  438
 372  438
 373  438
 374  438
 375  438
 376  438
 377  438
 378  438
 379  438
 380  438
 381  438
 382  439
 383  439
 384  439
 385  440
 386  440
 387  440
 388  440
 389  440
 390  440
 391  439
 392  438
 391  437
 390  436
 389  435
 388  434
 387  434
 386  434
 385  434
 384  433
 383  433
 382  433
 381  432
 380  432
 379  432
 378  432
 377  432
 376  432
 375  432
 374  432
 373  433
 372  434
 371  434
 370  434
 369  434
 368  435
 367  435
 366  435
 365  436
 365  437
 364  438
 363  439
 363  440
 363  441
 363  442
 363  443
 363  444
 364  445
 365  446
 364  446
 363  447
 363  448
 362  449
 361  449
 360  450
 359  450
 358  451
 357  451
 356  452
 356  453
 355  454
 354  453
 353  452
 352  452
 351  452
 350  452
 349  452
 349  451
 349  450
 348  449
 347  448
 346  447
 345  447
 344  446
 343  446
 342  446
 341  446
 340  446
 339  446
 338  446
 337  446
 336  447
 335  447
 334  448
 333  448
 332  448
 332  447
 685  691
 684  690
 683  689
 682  688
 681  687
 680  686
 679  686
 678  685
 677  684
 676  683
 675  682
 674  682
 673  681
 672  681
 671  680
 670  679
 670  678
 669  677
 669  676
 668  675
 667  674
 666  673
 665  672
 664  671
 664  670
 663  669
 663  668
 662  667
 662  666
 661  665
 661  664
 661  663
 660  662
 660  661
 660  660
 659  659
 658  658
 657  657
 657  656
 656  655
 656  654
 655  653
 655  652
 654  651
 654  650
 653  649
 652  648
 652  647
 651  646
 650  646
 649  646
 648  647
 648  648
 648  649
 648  650
 648  651
 648  652
 648  653
 648  654
 648  655
 648  656
 649  657
 650  657
 650  658
 650  659
 651  660
 650  661
 650  662
 649  663
 648  664
 647  665
 647  666
 646  667
 646  668
 646  669
 645  670
 645  671
 644  672
 644  673
 645  674
 645  675
 645  676
 644  677
 644  678
 644  679
 644  680
 645  681
 646  682
 646  683
 647  684
 648  685
 649  686
 650  687
 650  688
 650  689
 650  690
 650  691
 650  692
 650  693
 649  693
 648  693
 647  693
 646  693
 645  693
 644  692
 643  692
 643  691
 642  690
 641  689
 640  689
 639  689
 638  689
 637  690
 636  690
 635  691
 634  692
 633  692
 632  692
 631  692
 631  691
 631  690
 631  689
 631  688
 630  687
 629  686
 628  685
 627  685
 626  684
 625  684
 625  683
 624  682
 623  682
 622  683
 621  682
 620  681
 620  680
 620  679
 620  678
 620  677
 620  676
 620  675
 620  674
 620  673
 620  672
 620  671
 620  670
 619  669
 619  668
 618  667
 618  666
 617  665
 616  664
 615  664
 614  664
 613  663
 612  663
 611  663
 610  664
 609  665
 608  666
 607  667
 606  667
 605  668
 604  668
 603  668
 602  668
 601  667
 600  667
 600  666
 600  665
 599  664
 599  663
 600  662
 600  661
 601  660
 601  659
 601  658
 601  657
 602  656
 602  655
 602  654
 602  653
 602  652
 602  651
 602  650
 602  649
 602  648
 602  647
 602  646
 602  645
 602  644
 602  643
 602  642
 602  641
 602  640
 602  639
 601  638
 600  637
 599  637
 598  637
 597  637
 596  637
 595  637
 594  637
 593  637
 592  637
 591  637
 590  637
 589  637
 588  637
 588  636
 587  635
 587  634
 587  633
 587  632
 588  632
 589  631
 589  630
 589  629
 588  628
 587  627
 586  627
 585  627
 584  627
 583  627
 582  627
 581  627
 580  628
 579  628
 578  628
 577  628
 576  628
 575  627
 575  626
 575  625
 575  624
 575  623
 575  622
 575  621
 574  620
 574  619
 574  618
 574  617
 574  616
 575  615
 575  614
 575  613
 576  613
 577  612
 578  611
 579  611
 580  611
 581  610
 582  610
 583  610
 584  609
 584  608
 585  607
 585  606
 585  605
 584  604
 584  603
 583  602
 582  601
 581  600
 580  599
 580  598
 579  597
 579  596
 578  595
 578  594
 577  593
 576  592
 575  591
 574  590
 573  589
 572  589
 571  588
 570  588
 569  588
 568  588
 567  588
 566  588
 565  588
 564  588
 563  588
 562  589
 561  590
 560  591
 560  592
 559  593
 559  594
 558  595
 558  596
 557  596
 556  596
 555  596
 554  596
 553  596
 552  596
 551  596
 550  596
 549  596
 548  597
 547  598
 546  598
 545  598
 544  599
 543  599
 542  599
 541  598
 540  598
 539  598
 538  598
 537  598
 536  598
 535  598
 534  597
 533  597
 532  597
 531  597
 530  596
 529  597
 528  597
 527  598
 526  598
 525  599
 524  599
 523  600
 522  601
 521  601
 520  602
 519  603
 518  604
 517  604
 516  605
 516  606
 516  607
 516  608
 516  609
 515  610
 515  611
 515  612
 515  613
 515  614
 515  615
 515  616
 516  617
 517  618
 518  619
 518  620
 519  621
 520  622
 521  623
 522  624
 523  625
 524  626
 524  627
 525  628
 524  629
 523  629
 522  629
 521  628
 520  628
 519  628
 518  629
 518  630
 518  631
 518  632
 518  633
 518  634
 518  635
 518  636
 518  637
 519  638
 519  639
 520  640
 520  641
 520  642
 519  643
 518  643
 517  644
 516  645
 515  645
 514  644
 514  643
 513  642
 513  641
 513  640
 513  639
 513  638
 512  637
 512  636
 512  635
 511  634
 511  633
 511  632
 511  631
 511  630
 510  629
 510  628
 510  627
 510  626
 510  625
 510  624
 510  623
 510  622
 510  621
 510  620
 510  619
 510  618
 510  617
 510  616
 510  615
 510  614
 509  613
 509  612
 509  611
 508  610
 508  609
 507  608
 508  607
 509  606
 509  605
 509  604
 509  603
 508  602
 508  601
 507  600
 506  600
 505  600
 504  600
 503  600
 502  600
 501  601
 500  602
 499  603
 498  604
 497  605
 496  606
 495  606
 494  607
 493  607
 492  608
 491  608
 490  609
 489  610
 489  611
 489  612
 488  613
 487  614
 487  615
 487  616
 486  617
 485  616
 484  615
 483  614
 483  613
 483  612
 482  611
 481  610
 481  609
 480  608
 479  607
 478  607
 477  607
 476  607
 475  607
 474  607
 473  607
 472  607
 471  607
 470  607
 469  606
 468  605
 468  604
