   x    y
 432  685
 433  684
 433  683
 433  682
 434  681
 434  680
 435  679
 435  678
 436  677
 437  676
 438  676
 439  675
 439  674
 440  673
 441  672
 441  671
 441  670
 440  669
 439  668
 439  667
 439  666
 440  665
 440  664
 441  663
 441  662
 441  661
 441  660
 441  659
 441  658
 440  657
 440  656
 439  655
 439  654
 439  653
 438  652
 439  651
 440  650
 441  649
 442  649
 443  649
 444  650
 445  651
 446  652
 447  653
 447  654
 448  655
 449  655
 449  656
 450  657
 451  658
 452  659
 452  660
 453  661
 453  662
 454  663
 455  664
 455  665
 456  666
 457  667
 457  668
 458  669
 459  670
 460  671
 460  672
 461  673
 462  674
 463  675
 463  676
 464  677
 465  678
 466  679
 467  680
 468  681
 468  682
 469  683
 469  684
 470  685
 470  686
 471  687
 472  688
 473  689
 473  690
 473  691
 473  692
 473  693
 473  694
 473  695
 473  696
 473  697
 472  698
 471  699
 471  700
 470  701
 470  702
 470  703
 470  704
 470  705
 470  706
 470  707
 470  708
 470  709
 471  710
 472  711
 472  712
 472  713
 473  714
 473  715
 473  716
 474  717
 474  718
 474  719
 474  720
 474  721
 475  722
 475  723
 475  724
 475  725
 475  726
 475  727
 476  728
 476  729
 476  730
 476  731
 476  732
 475  733
 475  734
 474  735
 473  736
 472  736
 471  736
 470  736
 469  736
 468  735
 467  734
 466  733
 465  732
 464  731
 463  730
 462  729
 461  728
 460  727
 460  726
 459  725
 458  724
 458  723
 457  722
 457  721
 456  720
 455  719
 454  719
 453  718
 452  717
 451  716
 450  715
 449  714
 448  713
 447  712
 446  711
 445  710
 444  709
 443  708
 443  707
 442  706
 441  705
 440  704
 439  703
 438  702
 437  701
 436  700
 435  699
 435  698
 434  697
 434  696
 433  695
 433  694
 433  693
 432  692
 432  691
 432  690
 432  689
 432  688
 432  687
 432  686
 432  685
 426  190
 426  189
 426  188
 427  187
 427  186
 428  185
 428  184
 428  183
 428  182
 428  181
 428  180
 429  179
 429  178
 429  177
 428  176
 428  175
 427  174
 426  174
 425  174
 424  173
 424  172
 561  434
 562  435
 563  435
 564  435
 565  435
 565  436
 565  437
 565  438
 566  439
 566  440
 566  441
 566  442
 566  443
 566  444
 566  445
 566  446
 566  447
 566  448
 567  449
 567  450
 568  451
 569  452
 570  453
 571  454
 572  455
 573  456
 574  457
 574  458
 575  459
 576  460
 577  461
 578  462
 579  462
 580  463
 581  463
 581  464
 582  465
 583  466
 584  467
 585  467
 586  468
 587  468
 588  469
 589  470
 590  470
 591  471
 592  471
 593  471
 594  472
 595  472
 596  472
 597  472
 598  473
 599  473
 600  473
 601  474
 602  474
 603  475
 604  475
 605  476
 606  476
 607  476
 608  477
 609  477
 610  477
 611  477
 612  477
 613  478
 614  478
 615  478
 616  478
 617  478
 618  478
 619  479
 620  479
 621  479
 622  478
 623  478
 624  477
 624  476
 625  476
 626  475
 627  474
 628  474
 629  474
 630  474
 631  475
 632  475
 633  476
 634  477
 634  478
 634  479
 633  480
 632  481
 632  482
 632  483
 631  484
 631  485
 631  486
 631  487
 631  488
 631  489
 630  490
 630  491
 630  492
 631  493
 631  494
 631  495
 631  496
 631  497
 631  498
 631  499
 631  500
 631  501
 631  502
 632  503
 632  504
 633  505
 634  506
 634  507
 635  508
 636  508
 636  509
 637  510
 638  511
 639  511
 640  512
 640  513
 640  514
 640  515
 641  516
 641  517
 642  518
 642  519
 641  519
 640  520
 639  520
 638  521
 637  520
 636  519
 635  519
 634  520
 633  520
 632  520
 631  520
 630  520
 629  520
 628  520
 627  520
 626  520
 625  520
 624  520
 623  519
 622  518
 621  518
 620  517
 619  516
 618  515
 617  514
 616  514
 615  513
 614  513
 613  513
 612  512
 611  511
 610  510
 610  509
 610  508
 610  507
 609  506
 609  505
 609  504
 609  503
 608  502
 608  501
 608  500
 608  499
 608  498
 608  497
 608  496
 608  495
 607  494
 607  493
 607  492
 607  491
 607  490
 607  489
 606  488
 605  487
 604  486
 604  485
 603  484
 602  483
 601  482
 600  481
 599  481
 598  480
 597  480
 596  479
 595  478
 594  478
 593  477
 592  477
 591  477
 590  476
 589  476
 588  476
 587  475
 586  475
 585  475
 584  474
 583  473
 582  472
 581  471
 580  471
 579  470
 578  470
 577  469
 576  468
 575  468
 574  468
 573  467
 572  467
 571  467
 570  466
 569  465
 568  465
 567  465
 566  465
 566  464
 565  463
 564  462
 563  462
 562  462
 561  461
 560  460
 559  460
 558  459
 557  458
 556  457
 555  457
 554  456
 553  456
 552  457
 551  458
 551  459
 551  460
 550  461
 550  462
 549  463
 548  464
 547  465
 546  466
 545  467
 545  468
 544  469
 544  470
 544  471
 543  472
 543  473
 542  474
 542  475
 541  476
 540  477
 539  477
 539  476
 538  475
 537  474
 536  474
 535  474
 534  474
 533  474
 532  474
 531  474
 530  474
 529  474
 528  474
 527  473
 526  473
 525  473
 524  472
 523  472
 522  472
 521  471
 520  470
 519  469
 518  468
 517  468
 516  468
 515  469
 515  470
 514  471
 513  471
 512  471
 511  471
 510  471
 509  471
 508  472
 507  472
 506  473
 505  474
 504  475
 503  476
 502  477
 502  478
 502  479
 502  480
 503  481
 504  482
 505  482
 506  482
 507  483
 508  483
 509  484
 510  484
 511  485
 512  486
 512  487
 512  488
 512  489
 511  490
 510  491
 509  491
 508  491
 507  492
 506  492
 505  492
 504  493
 503  493
 502  494
 501  495
 500  495
 499  496
 498  497
 497  497
 496  498
 495  499
 494  500
 493  501
 493  502
 492  503
 491  503
 490  504
 489  505
 488  505
 487  505
 486  505
 485  505
 484  506
 483  506
 482  507
 481  507
 480  507
 479  507
 478  507
 477  507
 476  507
 475  507
 474  507
 473  507
 472  507
 471  507
 470  506
 469  506
 468  505
 467  505
 466  505
 465  505
 464  505
 463  505
 462  506
 461  507
 461  508
 462  509
 463  510
 464  510
 465  510
 466  510
 467  511
 468  511
 469  511
 470  512
 470  513
 470  514
 469  515
 468  515
 467  515
 466  516
 465  516
 464  516
 463  516
 462  516
 461  516
 460  516
 459  516
 458  516
 457  516
 456  516
 455  517
 454  517
 453  518
 452  519
 451  520
 451  521
 450  522
 450  523
 451  524
 451  525
 451  526
 451  527
 451  528
 451  529
 451  530
 451  531
 451  532
 450  533
 449  534
 448  535
 448  536
 447  537
 447  538
 446  539
 446  540
 446  541
 446  542
 446  543
 445  544
 444  545
 444  546
 443  547
 442  548
 442  549
 441  549
 440  548
 439  549
 439  550
 439  551
 438  552
 438  553
 438  554
 438  555
 438  556
 437  557
 437  558
 436  559
 436  560
 435  561
 435  562
 436  563
 436  564
 436  565
 436  566
 436  567
 435  568
 435  569
 435  570
 435  571
 435  572
 435  573
 434  574
 434  575
 434  576
 433  577
 433  578
 432  579
 432  580
 432  581
 431  582
 430  583
 429  583
 429  582
 429  581
 429  580
 429  579
 429  578
 428  577
 428  576
 428  575
 428  574
 428  573
 428  572
 428  571
 427  570
 427  569
 426  568
 426  567
 425  566
 425  565
 424  564
 424  563
 424  562
 423  561
 423  560
 423  559
 423  558
 423  557
 423  556
 424  556
 425  555
 425  554
 425  553
 426  552
 426  551
 426  550
 425  549
 424  549
 423  548
 422  547
 421  546
 421  545
 421  544
 421  543
 421  542
 421  541
 421  540
 421  539
 421  538
 421  537
 845  370
 846  370
 847  370
 848  370
 849  370
 850  370
 851  370
 852  370
 853  370
 854  370
 855  370
 856  370
 857  370
 858  369
 859  369
 860  368
 861  367
 862  366
 863  365
 864  364
 865  363
 866  362
 867  362
 868  362
 869  362
 870  362
 871  362
 872  362
 873  362
 874  362
 875  362
 876  363
 877  363
 878  363
 879  364
 880  364
 881  365
 882  365
 883  365
 884  365
 885  365
 886  365
 887  365
 888  365
 889  365
 890  364
 891  364
 892  363
 893  362
 894  362
 895  361
 896  360
 897  359
 897  358
 898  357
 898  356
 899  355
 900  354
 900  353
 901  352
 902  351
 903  351
 904  350
 905  350
 906  350
 907  349
 908  349
 909  349
 910  349
 911  349
 912  349
 913  349
 914  349
 915  349
 916  349
 917  349
 918  349
 919  349
 920  349
 921  349
 922  349
 923  349
 924  349
 925  350
 926  351
 927  351
 928  351
 929  351
 930  351
 931  350
 932  350
 933  350
 934  349
 935  349
 936  350
 937  350
 938  351
 938  352
 939  353
 939  354
 939  355
 938  356
 937  357
 937  358
 937  359
 938  360
 939  361
 940  361
 941  362
 942  363
 943  364
 944  364
 945  365
 946  365
 947  365
 948  365
 949  365
 950  365
 951  365
 952  365
 953  365
 954  364
 955  364
 956  363
 956  362
 957  361
 957  360
 958  359
 959  358
 960  358
 961  358
 961  359
 962  360
 963  361
 964  361
 965  361
 966  361
 967  361
 968  360
 969  360
 970  360
 971  359
 972  359
 973  358
 974  358
 975  357
 976  356
 977  355
 977  354
 977  353
 977  352
 976  351
 975  350
 975  349
 974  348
 973  347
 972  347
 971  346
 970  346
 969  346
 968  346
 967  345
 966  345
 966  344
 966  343
 966  342
 967  341
 967  340
 968  340
 969  340
 970  339
 970  338
 971  337
 972  337
 973  337
 974  337
 975  337
 976  336
 977  336
 978  336
 979  335
 980  335
 981  335
 981  336
 982  337
 983  337
 984  337
 985  337
 986  337
 987  337
 988  337
 989  337
 990  337
 991  337
 992  338
 993  339
 994  339
 995  339
 996  339
 997  339
 998  339
 999  339
1000  339
1000  340
1000  341
1000  342
1000  343
1000  344
1000  345
1000  346
1000  347
1000  348
1000  349
1000  350
1000  351
1000  352
1000  353
1000  354
1000  355
1000  356
1000  357
1000  358
1000  359
1000  360
1000  361
1000  362
1000  363
1000  364
1000  365
1000  366
1000  367
1000  368
1000  369
1000  370
1000  371
1000  372
1000  373
1000  374
1000  375
1000  376
1000  377
1000  378
1000  379
1000  380
1000  381
1000  382
1000  383
1000  384
1000  385
1000  386
1000  387
1000  388
1000  389
1000  390
1000  391
1000  392
1000  393
1000  394
1000  395
1000  396
1000  397
1000  398
1000  399
1000  400
1000  401
1000  402
1000  403
1000  404
1000  405
1000  406
1000  407
1000  408
1000  409
1000  410
 999  411
 998  411
 997  411
 996  411
 995  412
 994  413
 993  414
 992  414
 991  415
 990  416
 989  416
 988  417
 987  418
 987  419
 986  420
 985  421
 984  421
 983  421
 982  422
 981  423
 980  424
 979  425
 979  426
 979  427
 979  428
 978  429
 978  430
 978  431
 977  432
 977  433
 977  434
 977  435
 978  436
 978  437
 978  438
 978  439
 978  440
 978  441
 978  442
 978  443
 978  444
 978  445
 978  446
 979  447
 980  448
 981  448
 982  448
 983  448
 984  448
 985  448
 986  448
 987  448
 988  447
 989  446
 990  445
 990  444
 991  443
 992  442
 993  441
 994  440
 995  439
 996  438
 997  437
 998  436
 999  436
 999  437
1000  438
1000  439
1000  440
1000  441
1000  442
1000  443
1000  444
1000  445
 999  446
 999  447
 999  448
 999  449
 999  450
 999  451
 999  452
 999  453
 999  454
 999  455
 999  456
 999  457
 999  458
 998  459
 998  460
 998  461
 998  462
 998  463
 998  464
 998  465
 998  466
 997  466
 996  467
 996  468
 995  469
 994  470
 993  471
 992  472
 991  473
 990  474
 989  475
 988  476
 988  475
 988  474
 989  473
 990  472
 991  472
 992  471
 993  470
 994  469
 994  468
 995  467
 996  466
 996  465
 996  464
 996  463
 997  462
 997  461
 997  460
 996  459
 996  458
 995  457
 994  457
 993  457
 992  457
 991  457
 990  458
 989  459
 988  459
 987  460
 987  461
 986  462
 985  463
 984  464
 983  465
 982  466
 981  467
 980  467
 979  467
 978  468
 977  468
 976  468
 975  469
 974  470
 974  471
 973  472
 972  472
 971  472
 970  472
 969  472
 968  471
 967  471
 966  470
 965  470
 964  470
 963  470
 962  470
 961  470
 960  469
 959  469
 958  468
 957  468
 956  468
 955  468
 954  468
 953  468
 952  468
 951  468
 950  467
 949  467
 948  467
 947  467
 946  466
 945  466
 944  466
 943  465
 942  465
 941  464
 940  464
 939  463
 938  463
 938  462
 937  461
 936  461
 935  460
 934  459
 933  458
 933  457
 932  456
 931  455
 931  454
 930  453
 930  452
 929  451
 929  450
 928  449
 928  448
 928  447
 928  446
 927  445
 926  445
 925  444
 924  443
 923  443
 922  442
 921  441
 920  441
 919  440
 918  439
 917  439
 916  439
 915  439
 914  438
 913  437
 912  436
 911  436
 910  436
 909  436
 908  435
 907  435
 906  435
 905  435
 904  435
 903  435
 902  436
 901  436
 900  436
 899  436
 898  437
 897  437
 896  438
 895  439
 894  439
 893  439
 892  439
 891  439
 890  439
 889  439
 888  439
 887  439
 886  439
 885  439
 884  439
 883  439
 882  439
 881  439
 880  439
 879  439
 878  440
 877  441
 876  442
 876  443
 875  444
 874  445
 873  446
 873  447
 872  448
 871  448
 870  449
 869  450
 868  451
 867  452
 866  453
 865  454
 864  454
 863  454
 862  454
 861  454
 860  454
 859  454
 858  453
 857  453
 856  452
 855  452
 854  452
 853  451
 852  450
 851  450
 850  449
 849  448
 849  447
 848  446
 847  446
 846  445
 845  446
 844  446
 843  446
 842  446
 841  446
 840  446
 839  446
 838  446
 837  446
 836  445
 835  445
 834  445
 833  445
 832  445
 831  445
 830  445
 829  445
 828  446
 827  446
 826  445
 825  445
 824  444
 823  444
 822  444
 821  444
 820  444
 819  443
 818  443
 817  443
 816  443
 815  443
 814  443
 813  443
 812  443
 811  443
 810  443
 809  443
 808  443
 807  443
 806  443
 805  443
 804  443
 803  443
 802  444
 801  444
 800  444
 799  445
 798  445
 797  445
 796  445
 795  445
 794  445
 793  445
 792  445
 791  445
 790  445
 789  445
 788  445
 787  445
 787  444
 787  443
 787  442
 787  441
 787  440
 786  439
 785  438
 785  437
 785  436
 785  435
 785  434
 785  433
 785  432
 785  431
 785  430
 784  429
 783  428
 782  427
 781  427
 780  426
 780  425
 781  424
 780  423
 779  422
 778  422
 777  422
 776  422
 775  422
 774  421
 773  421
 772  421
 771  421
 770  421
 769  420
 768  420
 767  420
 766  420
 766  419
 765  418
 764  417
 763  416
 763  415
 762  414
 761  413
 760  412
 759  411
 758  411
 758  410
 758  409
 758  408
 757  407
 757  406
 756  405
 755  405
 754  404
 753  404
 752  404
 751  404
 750  404
 749  404
 748  404
 747  404
 746  404
 745  404
 744  404
 743  404
 742  404
 741  404
 740  404
 739  404
 738  404
 737  404
 736  404
 735  404
 734  405
 733  406
 732  407
 731  407
 730  408
 729  409
 728  410
 727  411
 727  412
 726  413
 725  414
 724  415
 723  416
 722  416
 721  417
 720  417
 719  418
 718  418
 717  419
 716  419
 715  420
 714  420
 713  420
 712  420
 711  421
 710  422
 709  423
 708  424
 707  424
 706  424
 705  425
 704  425
 703  426
 702  427
 701  428
 700  429
 699  429
 698  430
 697  431
 696  431
 695  432
 694  433
 693  434
 692  434
 691  435
 690  436
 689  436
 688  437
 687  437
 686  437
 685  438
 684  438
 683  438
 682  439
 681  439
 680  440
 679  440
 678  441
 677  441
 676  442
 675  442
 674  442
 673  442
 672  443
 671  444
 670  445
 669  445
 668  445
 667  446
 666  446
 665  447
 664  447
 663  448
 663  449
 663  450
 663  451
 663  452
 663  453
 664  454
 665  454
 666  454
 667  454
 668  454
 669  454
 670  454
 671  454
 672  454
 673  455
 673  456
 674  457
 674  458
 674  459
 674  460
 674  461
 674  462
 675  463
 675  464
 676  465
 677  465
 678  465
 679  466
 680  466
 681  466
 682  465
 683  465
 684  465
 685  465
 686  465
 687  464
 687  463
 687  462
 687  461
 688  460
 689  459
 690  459
 691  458
 692  458
 693  457
 694  456
 695  456
 696  456
 697  456
 698  457
 699  457
 700  457
 700  458
 701  459
 701  460
 701  461
 702  462
 703  462
 704  462
 705  462
 706  463
 707  463
 708  463
 708  464
 707  464
 706  464
 705  465
 706  466
 707  467
 708  467
 707  467
 706  467
 705  467
 704  468
 703  468
 702  468
 701  469
 700  469
 699  469
 698  469
 697  468
 696  468
 695  467
 694  467
 693  466
 692  466
 691  466
 690  466
 689  466
 688  466
 687  466
 686  466
 685  466
 684  466
 683  466
 682  466
 681  466
 680  466
 679  467
 678  467
 677  467
 676  467
 675  467
 674  467
 673  467
 672  467
 671  467
 670  468
 669  468
 668  469
 667  469
 666  470
 666  471
 665  471
 664  471
 663  471
 662  471
 661  471
 660  471
 659  471
 658  471
 657  471
 656  471
 655  471
 654  471
 653  471
 652  472
 651  472
 650  473
 649  473
 648  474
 647  474
 646  475
 645  475
 644  475
 643  475
 642  475
 641  475
 640  475
 639  475
 638  475
 637  476
 637  477
 637  478
 637  479
 637  480
 637  481
 636  482
 635  482
 634  483
 634  484
 634  485
 634  486
 634  487
 634  488
 634  489
 634  490
 634  491
 634  492
 634  493
 634  494
 634  495
 634  496
 634  497
 635  498
 636  499
 636  500
 636  501
 636  502
 636  503
 635  503
 634  504
 634  505
 634  506
 634  507
 634  508
 633  509
 633  510
 633  511
 633  512
 632  513
 631  514
 630  514
 629  513
 629  512
 628  511
 628  510
 627  509
 627  508
 626  507
 626  506
 625  505
 625  504
 624  503
 623  502
 622  502
 621  502
 620  503
 619  503
 618  503
 617  503
 616  502
 615  502
 614  502
 613  502
 612  501
 611  501
 610  500
 609  500
 608  499
 607  498
 606  497
 606  496
 606  495
 606  494
 606  493
 605  492
 604  491
 603  490
 602  489
 601  488
 600  487
 599  486
 598  485
 597  484
 596  483
 595  482
 594  481
 593  480
 592  480
 591  479
 590  478
 589  477
 588  476
 587  475
 586  475
 585  474
 584  474
 583  474
 582  474
 581  475
 580  475
 579  476
 578  477
 577  478
 576  479
 575  480
 575  481
 574  482
 573  483
 573  484
 572  485
 571  486
 570  487
 569  488
 569  489
 568  490
 567  491
 566  492
 565  492
 564  492
 563  492
 562  492
 561  492
 560  492
 559  492
 558  492
 557  491
 556  491
 555  490
 554  490
 553  490
 552  490
 551  490
 550  490
 549  490
 548  490
 547  490
 546  489
 545  489
 544  489
 543  489
 542  489
 541  489
 540  489
 539  489
 538  489
 537  489
 536  488
 535  488
 534  488
 533  487
 532  487
 531  486
 530  486
 529  486
 528  486
 527  486
 526  486
 525  486
 524  486
 523  486
 522  486
 521  486
 520  486
 519  487
 518  486
 517  486
 516  487
 515  488
 514  489
 513  490
 513  491
 512  492
 512  493
 512  494
 512  495
 512  496
 512  497
 512  498
 512  499
 511  500
 510  500
 509  500
 508  501
 508  502
 507  503
 506  504
 505  505
 504  505
 503  506
 502  506
 501  506
 500  506
 499  507
 498  507
 497  508
 496  509
 495  509
 494  510
 494  511
 493  511
 492  511
 491  512
 490  513
 489  514
 489  515
 488  516
 487  516
 486  517
 485  518
 484  519
 484  520
 484  521
 483  522
 483  523
 483  524
 482  525
 482  526
 482  527
 481  528
 480  528
 479  527
 478  526
 477  525
 477  524
 477  523
 476  522
 475  521
 475  520
 475  519
 474  518
 473  517
 472  516
 471  516
 470  516
 469  515
 469  514
 469  513
 469  512
 469  511
 469  510
 469  509
 583  581
 582  581
 581  581
 580  581
 579  580
 578  580
 577  580
 576  580
 575  580
 574  580
 573  580
 572  580
 571  580
 570  580
 569  581
 568  582
 567  582
 566  582
 565  582
 564  583
 563  583
 562  583
 561  584
 560  585
 560  586
 559  587
 558  588
 557  589
 556  590
 556  591
 555  592
 555  593
 554  593
 553  593
 552  593
 551  593
 550  594
 551  595
 551  596
 551  597
 550  598
 549  599
 549  600
 549  601
 550  602
 550  603
 550  604
 550  605
 550  606
 550  607
 550  608
 550  609
 550  610
 550  611
 551  612
 551  613
 551  614
 551  615
 552  616
 552  617
 552  618
 553  619
 553  620
 553  621
 553  622
 553  623
 553  624
 553  625
 553  626
 553  627
 553  628
 553  629
 553  630
 553  631
 553  632
 553  633
 553  634
 553  635
 552  636
 551  637
 551  638
 552  639
 553  640
 552  641
 553  642
 553  643
 553  644
 553  645
 552  646
 552  647
 552  648
 551  649
 551  650
 550  651
 549  652
 548  653
 547  654
 546  655
 545  656
 545  657
 544  657
 543  658
 542  659
 542  660
 541  660
 540  661
 539  662
 538  662
 537  662
 536  662
 535  662
 534  662
 533  662
 532  663
 531  664
 530  665
 529  665
 528  665
 527  666
 526  666
 525  666
 524  667
 523  667
 522  668
 521  668
 520  669
 519  669
 518  669
 517  669
 516  670
 515  670
 514  671
 513  671
 512  672
 511  672
 510  673
 509  673
 508  673
 507  673
 506  673
 505  673
 504  672
 503  672
 502  672
 501  672
 500  671
 500  670
 500  669
 499  668
 499  667
 498  666
 498  665
 497  664
 496  664
 495  664
 494  664
 493  664
 492  664
 491  664
 490  664
 489  664
 488  664
 487  664
 486  664
 485  664
 484  664
 483  664
 482  664
 481  664
 480  664
 479  665
 478  665
 477  666
 476  666
 475  667
 474  667
 473  668
 472  668
 471  669
 470  669
 469  670
 468  670
 467  670
 466  670
 465  670
 464  670
 463  670
 462  670
 461  670
 460  670
 459  669
 459  668
 460  667
 461  666
 462  665
 463  664
 463  663
 464  662
 465  661
 465  660
 466  659
 467  658
 468  657
 469  656
 470  655
 470  654
 471  654
 472  653
 473  652
 474  652
 475  651
 476  651
 477  651
 478  651
 479  651
 480  651
 481  651
 482  651
 483  651
 484  652
 485  652
 486  653
 487  653
 488  653
 489  654
 490  655
 491  655
 492  655
 493  655
 494  655
 495  655
 496  655
 497  655
 498  655
 499  655
 500  654
 501  653
 502  652
 503  651
 504  650
 504  649
 504  648
 504  647
 504  646
 505  645
 506  644
 507  643
 508  642
 509  641
 509  640
 510  639
 510  638
 509  637
 509  636
 509  635
 508  634
 508  633
 508  632
 507  631
 506  630
 505  629
 504  628
 503  627
 502  627
 501  626
 500  626
 499  626
 498  625
 497  625
 496  624
 495  623
 494  622
 493  622
 492  622
 491  621
 490  620
 490  619
 490  618
 490  617
 489  616
 489  615
 488  614
 488  613
 487  612
 486  612
 485  612
 484  612
 483  612
 483  611
 482  610
 482  609
 482  608
 482  607
 482  606
 483  605
 484  604
 484  603
 484  602
 484  601
 483  600
 483  599
 482  598
 482  597
 482  596
 482  595
 481  594
 481  593
 480  592
 479  592
 478  592
 477  593
 476  594
 475  594
 474  595
 473  595
 472  595
 471  595
 470  596
 469  596
 468  596
 467  596
 466  596
 465  595
 464  594
 463  594
 462  594
 461  595
 460  595
 459  596
 458  597
 458  598
 457  599
 457  600
 457  601
 457  602
 457  603
 457  604
 457  605
 457  606
 457  607
 457  608
 457  609
 457  610
 457  611
 457  612
 457  613
 457  614
 457  615
 457  616
 457  617
 457  618
 456  619
 456  620
 456  621
 456  622
 456  623
 456  624
 456  625
 455  626
 455  627
 455  628
 455  629
 455  630
 456  631
 456  632
 456  633
 456  634
 455  635
 454  636
 453  637
 452  638
 451  639
 451  640
 450  641
 449  642
 448  643
 447  644
 447  645
 446  646
 446  647
 446  648
 446  649
 446  650
 445  651
 445  652
 445  653
 445  654
 445  655
 445  656
 444  657
 444  658
 444  659
 445  660
 446  661
 447  661
 448  662
 449  663
 450  664
 451  665
 452  666
 452  667
 453  668
 453  669
 454  670
 454  671
 454  672
 454  673
 455  674
 456  675
 456  676
 456  677
 456  678
 456  679
 456  680
 456  681
 456  682
 457  683
 458  683
 458  684
 459  685
 458  686
 458  687
 458  688
 458  689
 458  690
 457  689
 456  689
 455  690
 456  691
 456  692
 457  693
 458  694
 458  695
 458  696
 459  697
 459  698
 459  699
 460  700
 461  700
 462  701
 463  702
 464  703
 465  703
 466  703
 467  703
 468  703
 469  703
 470  703
 471  703
 472  703
 473  703
 474  704
 475  704
 476  705
 477  706
 477  707
 478  708
 478  709
 478  710
 479  711
 479  712
 480  713
 480  714
 480  715
 480  716
 480  717
 479  717
 478  717
 477  716
 477  715
 476  714
 476  713
 476  712
 475  711
 474  710
 473  710
 472  709
 471  708
 470  708
 469  708
 468  708
 467  708
 466  708
 465  708
 464  708
 463  708
 462  708
 461  708
 460  708
 459  708
 458  708
 457  708
 456  707
 455  706
 454  706
 453  706
 452  706
 451  706
 450  706
 449  707
 449  708
 449  709
 448  710
 447  711
 447  712
 446  713
 446  714
 447  715
 447  716
 446  717
 447  718
 447  719
 448  720
 448  721
 449  722
 449  723
 449  724
 449  725
 448  726
 447  725
 446  725
 445  724
 445  723
 444  722
 444  721
 443  720
 443  719
 442  718
 442  717
 441  716
 440  715
 439  715
 438  715
 437  716
 437  717
 436  718
 436  719
 436  720
 436  721
 436  722
 435  722
 434  722
 433  723
 432  722
 432  721
 431  720
 430  720
 429  721
 428  722
 427  723
 426  724
 425  725
 424  726
 423  726
 422  727
 421  727
 420  728
 419  729
 418  729
 417  729
 416  729
 417  728
 417  727
 418  726
 418  725
 419  724
 420  723
 420  722
 421  721
 422  720
 422  719
 422  718
 422  717
 422  716
 422  715
 422  714
 423  713
 423  712
 424  711
 424  710
 424  709
 423  708
 422  707
 421  706
 421  705
 420  704
 419  703
 419  702
 418  701
 418  700
 418  699
 417  698
 416  697
 416  696
 416  695
 415  694
 414  693
 413  692
 412  691
 411  690
 410  689
 409  688
 409  687
 409  686
 408  685
 407  685
 406  685
 405  685
 405  684
 405  683
 404  682
 403  682
 402  681
 401  681
 400  681
 399  681
 398  680
 397  679
 397  678
 397  677
 398  676
 399  675
 400  675
 401  674
 402  674
 403  674
 404  674
 405  675
 406  676
 407  677
 408  676
 409  676
 410  675
 411  674
 412  674
 413  673
 414  672
 415  671
 415  670
 415  669
 416  668
 417  667
 417  666
 417  665
 418  664
 419  663
 418  662
 419  661
 420  660
 421  659
 422  658
 423  657
 423  656
 424  655
 425  654
 426  653
 427  652
 428  652
 429  651
 430  650
 429  649
 429  648
 430  648
 431  648
 432  648
 433  647
 432  646
 431  645
 430  645
 429  644
 428  644
 428  643
 427  642
 426  641
 426  640
 425  639
 425  638
 424  637
 424  636
 424  635
 424  634
 423  633
 423  632
 423  631
 423  630
 422  629
 422  628
 422  627
 421  626
 420  625
 419  624
 418  624
 417  623
 416  622
 415  621
 415  620
 414  619
 413  618
 412  617
 411  616
 411  615
 410  614
 410  613
 410  612
 409  611
 409  610
 409  609
 409  608
 408  607
 408  606
 408  605
 408  604
 408  603
 407  602
 408  601
 408  600
 408  599
 408  598
 409  597
 409  596
 410  596
 411  595
 411  594
 411  593
 411  592
 411  591
 412  590
 413  590
 414  591
 415  591
 416  592
 416  593
 417  594
 418  595
 418  596
 418  597
 419  598
 419  599
 420  600
 421  601
 422  602
 423  602
 424  601
 424  600
 424  599
 424  598
 424  597
 424  596
 424  595
 424  594
 424  593
 423  592
 422  591
 421  590
 421  589
 420  588
 420  587
 420  586
 420  585
 421  584
 422  584
 423  583
 424  582
 424  581
 424  580
 424  579
 424  578
 424  577
 424  576
 424  575
 423  574
 423  573
 423  572
 423  571
 422  570
 421  569
 420  568
 419  567
 418  566
 418  565
 417  564
 417  563
 417  562
 417  561
 417  560
 417  559
 417  558
 417  557
 417  556
 417  555
 417  554
 417  553
 417  552
 417  551
 417  550
 417  549
 417  548
 418  548
 419  549
 419  550
 420  551
 421  552
 421  553
 422  554
 423  555
 423  556
 424  557
 424  558
 425  559
 426  560
 427  560
 428  561
 429  561
 430  561
 431  561
 432  562
 432  563
 432  564
 432  565
 433  566
 434  566
 435  566
 436  566
 437  567
 438  566
 439  565
 440  565
 441  566
 441  567
 442  568
 442  569
 442  570
 443  571
 444  572
 445  573
 446  574
 447  575
 448  575
 449  575
 450  575
 451  575
 452  575
 453  574
 454  573
 455  572
 455  571
 455  570
 455  569
 456  568
 457  567
 457  566
 456  565
 455  565
 455  564
 455  563
 455  562
 456  561
 456  560
 457  559
 458  558
 458  557
 458  556
 458  555
 457  554
 456  554
 455  554
 455  553
 455  552
 454  551
 454  550
 453  549
 453  548
 453  547
 453  546
 453  545
 452  544
 451  543
 450  543
 449  543
 449  542
 449  541
 449  540
 448  539
 447  539
 447  538
 447  537
 447  536
 446  535
 445  534
 445  533
 444  532
 444  531
 444  530
 443  529
 443  528
 442  527
 441  528
 440  529
 439  529
 438  529
 437  528
 436  528
 435  527
 435  526
 434  525
 434  524
 433  523
 432  522
 431  522
 430  521
 429  520
 428  519
 428  518
 427  517
 426  516
 425  516
 424  515
 423  515
 422  515
 421  515
 420  515
 419  515
 418  515
 417  515
 416  516
 415  516
 414  516
 413  516
 412  516
 411  515
 410  515
 409  514
 409  513
 408  512
 407  511
 406  511
 405  510
 405  509
 404  508
 403  508
 402  507
 401  507
 401  506
 402  505
 402  504
 401  503
 400  502
 399  501
 398  501
 397  500
 396  500
 395  500
 394  499
 393  498
 392  498
 391  497
 390  496
 389  496
 388  495
 387  495
 386  494
 385  494
 384  494
 383  493
 383  492
 382  491
 381  490
 381  489
 381  488
 381  487
 381  486
 381  485
