   x    y
 482  368
 483  367
 484  367
 485  368
 486  369
 486  370
 487  371
 487  372
 488  373
 489  373
 490  374
 491  375
 491  376
 492  377
 493  378
 494  379
 495  380
 495  381
 496  382
 496  383
 497  384
 497  385
 498  386
 498  387
 498  388
 498  389
 499  390
 500  391
 500  392
 501  393
 501  394
 501  395
 501  396
 500  396
 499  397
 498  398
 497  397
 496  398
 495  399
 494  400
 494  401
 493  402
 493  403
 493  404
 493  405
 493  406
 493  407
 494  408
 494  409
 494  410
 494  411
 495  412
 495  413
 496  414
 497  414
 498  415
 499  415
 500  415
 501  415
 502  415
 503  414
 503  413
 503  412
 503  411
 503  410
 502  409
 502  408
 501  407
 500  406
 500  405
 500  404
 501  404
 502  404
 503  405
 504  406
 504  407
 505  408
 505  409
 506  410
 506  411
 507  412
 508  412
 509  411
 510  410
 511  409
 512  408
 513  408
 514  408
 515  409
 516  408
 517  407
 518  407
 519  406
 520  405
 520  404
 520  403
 521  402
 521  401
 520  400
 520  399
 520  398
 520  397
 520  396
 520  395
 520  394
 520  393
 520  392
 520  391
 520  390
 519  389
 519  388
 519  387
 519  386
 518  385
 518  384
 518  383
 518  382
 518  381
 519  380
 519  379
 519  378
 519  377
 519  376
 519  375
 519  374
 519  373
 520  372
 520  371
 521  370
 522  369
 522  368
 523  367
 524  366
 525  365
 525  364
 526  363
 526  362
 527  361
 528  360
 529  359
 530  358
 531  357
 532  356
 532  355
 533  354
 534  353
 534  352
 534  351
 534  350
 535  349
 535  348
 536  347
 536  346
 537  345
 537  344
 538  345
 538  346
 538  347
 538  348
 538  349
 538  350
 537  351
 536  352
 536  353
 535  354
 534  355
 534  356
 534  357
 533  358
 532  359
 532  360
 531  361
 531  362
 530  363
 530  364
 529  365
 528  366
 528  367
 527  368
 527  369
 526  370
 526  371
 525  372
 524  373
 524  374
 523  375
 522  376
 522  377
 522  378
 522  379
 522  380
 522  381
 522  382
 522  383
 522  384
 523  385
 523  386
 523  387
 523  388
 523  389
 523  390
 523  391
 523  392
 523  393
 523  394
 523  395
 523  396
 523  397
 523  398
 523  399
 523  400
 524  401
 524  402
 524  403
 524  404
 524  405
 523  406
 523  407
 523  408
 523  409
 522  410
 522  411
 521  412
 520  413
 519  414
 518  415
 517  416
 517  417
 518  418
 519  419
 519  420
 520  421
 521  421
 522  422
 523  422
 524  423
 525  423
 526  424
 527  424
 528  425
 529  425
 530  425
 531  424
 532  424
 533  423
 534  422
 535  421
 536  420
 537  419
 538  420
 539  420
 540  420
 541  421
 541  422
 542  423
 542  424
 542  425
 542  426
 543  427
 543  428
 544  429
 544  430
 545  431
 545  432
 546  433
 546  434
 547  435
 548  436
 549  437
 550  438
 551  438
 552  439
 553  440
 554  440
 555  441
 556  441
 557  442
 558  443
 559  443
 560  444
 561  444
 562  445
 563  445
 564  445
 565  446
 566  447
 567  448
 568  448
 569  449
 570  450
 570  451
 571  452
 572  453
 573  454
 573  455
 573  456
 573  457
 572  458
 572  459
 571  460
 570  461
 569  462
 568  462
 567  463
 566  464
 565  465
 564  465
 563  466
 562  466
 561  467
 560  467
 559  468
 558  468
 557  468
 556  468
 555  468
 554  468
 553  468
 552  467
 551  467
 551  466
 552  466
 553  465
 554  464
 554  463
 554  462
 554  461
 554  460
 555  459
 555  458
 555  457
 554  456
 553  455
 552  455
 551  455
 550  455
 549  455
 548  454
 547  454
 546  455
 545  456
 545  457
 545  458
 544  459
 544  460
 544  461
 544  462
 544  463
 545  464
 546  465
 547  466
 548  467
 549  468
 549  469
 549  470
 549  471
 550  472
 550  473
 550  474
 550  475
 551  476
 552  476
 553  476
 554  475
 555  475
 556  474
 557  474
 558  474
 559  474
 560  473
 561  473
 562  472
 563  472
 564  471
 565  470
 566  470
 567  469
 568  469
 569  468
 570  468
 570  469
 570  470
 570  471
 570  472
 569  473
 568  474
 567  474
 566  475
 565  476
 564  476
 563  477
 562  477
 561  478
 560  478
 559  479
 559  480
 560  481
 561  482
 561  483
 562  484
 562  485
 561  485
 560  485
 559  485
 558  484
 557  483
 556  482
 555  482
 554  482
 553  482
 552  482
 551  482
 550  482
 549  482
 548  483
 547  483
 546  484
 545  484
 544  485
 543  485
 542  485
 541  485
 540  485
 539  485
 538  485
 537  484
 536  483
 535  483
 534  482
 533  481
 533  480
 533  479
 533  478
 533  477
 534  476
 535  476
 536  476
 537  475
 538  475
 539  475
 540  475
 541  474
 542  473
 542  472
 542  471
 542  470
 541  469
 540  468
 539  467
 538  466
 538  465
 538  464
 538  463
 538  462
 538  461
 538  460
 538  459
 538  458
 539  457
 539  456
 540  455
 541  454
 542  453
 542  452
 541  451
 540  451
 539  450
 538  450
 537  450
 536  450
 535  450
 534  449
 533  449
 532  449
 531  449
 530  448
 529  448
 528  448
 527  448
 526  448
 525  447
 525  446
 525  445
 526  444
 527  444
 528  443
 529  442
 530  442
 531  441
 532  441
 533  441
 534  440
 534  439
 535  438
 535  437
 534  436
 533  436
 532  436
 531  436
 530  435
 529  434
 528  433
 528  432
 528  431
 528  430
 527  429
 526  429
 525  428
 524  429
 523  429
 522  428
 521  428
 520  428
 519  427
 518  427
 517  427
 516  426
 515  426
 514  425
 513  426
 512  427
 511  428
 511  429
 511  430
 510  431
 510  432
 509  433
 509  434
 508  435
 507  436
 506  436
 505  436
 504  436
 503  436
 502  435
 501  434
 500  433
 499  433
 498  432
 498  431
 497  430
 496  429
 496  428
 495  427
 495  426
 495  425
 495  424
 495  423
 495  422
 496  421
 496  420
 496  419
 496  418
 496  417
 495  416
 495  415
 494  414
 493  413
 492  413
 491  412
 491  411
 490  410
 490  409
 490  408
 489  407
 489  406
 490  405
 490  404
 491  403
 491  402
 491  401
 492  400
 493  399
 493  398
 494  397
 494  396
 495  395
 495  394
 495  393
 495  392
 495  391
 495  390
 495  389
 494  388
 494  387
 494  386
 494  385
 493  384
 492  383
 492  382
 491  381
 490  380
 490  379
 489  378
 488  377
 487  376
 487  375
 486  374
 485  373
 485  372
 484  371
 483  370
 483  369
 482  368
 378  432
 377  432
 376  433
 375  433
 374  433
 373  433
 372  433
 371  433
 370  433
 369  433
 368  434
 367  434
 366  434
 365  434
 364  435
 363  435
 362  436
 361  437
 360  438
 359  439
 358  440
 357  441
 356  441
 355  442
 354  443
 353  444
 352  444
 351  445
 351  446
 351  447
 350  448
 349  449
 348  449
 347  450
 346  450
 345  450
 344  450
 343  451
 342  452
 341  453
 340  453
 339  453
 338  453
 337  453
 336  453
 335  452
 334  452
 333  452
 332  452
 331  453
 330  453
 329  453
 328  453
 327  453
 326  453
 325  452
 324  452
 323  452
 322  452
 321  452
 320  451
 319  450
 318  449
 317  448
 316  447
 315  447
 314  446
 313  445
 312  444
 311  444
 311  443
 310  442
 309  441
 309  440
 531  630
 531  629
 532  628
 533  627
 534  626
 534  625
 534  624
 534  623
 534  622
 534  621
 533  620
 532  620
 531  619
 530  619
 529  619
 528  620
 527  620
 526  620
 525  620
 524  620
 523  619
 522  619
 521  618
 521  617
 520  616
 519  616
 518  615
 518  614
 517  613
 517  612
 518  611
 519  611
 520  611
 521  611
 522  610
 523  609
 524  608
 524  607
 524  606
 525  605
 525  604
 526  603
 526  602
 527  601
 527  600
 528  599
 528  598
 529  598
 530  597
 531  596
 532  596
 533  595
 534  595
 535  595
 536  594
 536  593
 536  592
 536  591
 536  590
 536  589
 537  588
 537  587
 536  586
 536  585
 535  584
 534  584
 533  584
 532  585
 531  586
 530  587
 529  587
 528  588
 527  589
 526  590
 525  591
 525  592
 525  593
 524  594
 523  595
 522  596
 521  597
 520  598
 519  599
 518  600
 517  600
 516  601
 515  601
 514  601
 513  601
 512  601
 511  601
 510  601
 509  601
 508  601
 507  601
 506  601
 505  601
 504  600
 503  600
 502  599
 501  598
 500  597
 499  596
 499  595
 500  595
 501  595
 502  595
 503  595
 504  595
 505  595
 506  594
 506  593
 505  592
 504  591
 503  591
 502  590
 502  589
 501  588
 500  587
 499  587
 498  586
 498  585
 498  584
 498  583
 498  582
 498  581
 414  725
 414  726
 415  727
 415  728
 415  729
 415  730
 416  731
 415  732
 415  733
 414  734
 415  735
 416  736
 417  737
 417  738
 418  739
 419  740
 419  741
 420  742
 421  743
 421  744
 421  745
 421  746
 422  747
 421  748
 422  749
 422  750
 422  751
 422  752
 421  753
 421  754
 420  754
 419  754
 418  754
 417  753
 416  753
 415  752
 414  751
 413  750
 412  749
 411  748
 410  747
 409  747
 408  746
 407  746
 406  745
 405  746
 404  746
 403  747
 402  747
 401  748
 401  749
 400  749
 399  749
 399  748
 398  747
 397  747
 397  746
 398  745
 399  744
 398  743
 398  742
 398  741
 397  740
 396  739
 396  738
 395  737
 394  736
 394  735
 393  734
 393  733
 393  732
 393  731
 394  731
 395  731
 396  730
 396  729
 396  728
 397  727
 397  726
 397  725
 397  724
 397  723
 397  722
 397  721
 397  720
 397  719
 397  718
 397  717
 397  716
 397  715
 397  714
 397  713
 397  712
 397  711
 397  710
 397  709
 397  708
 397  707
 397  706
 397  705
 397  704
 397  703
 396  702
 395  701
 394  700
 394  699
 393  698
 392  698
 391  698
 390  697
 389  697
 388  696
 387  695
 386  694
 385  693
 384  692
 383  691
 382  690
 381  689
 380  688
 379  688
 378  687
 377  687
 376  686
 375  686
 374  686
 373  686
 372  687
 371  687
 370  687
 369  687
 368  688
 367  688
 366  689
 365  689
 364  690
 363  691
 362  692
 361  693
 360  694
 360  695
 360  696
 360  697
 360  698
 360  699
 360  700
 360  701
 361  702
 361  703
 361  704
 361  705
 361  706
 361  707
 361  708
 361  709
 361  710
 361  711
 362  712
 363  713
 363  714
 364  715
 365  716
 366  717
 366  718
 367  719
 367  720
 368  721
 368  722
 368  723
 368  724
 368  725
 368  726
 369  727
 369  728
 369  729
 370  730
 371  731
 372  732
 373  733
 373  734
 374  735
 374  736
 375  737
 376  738
 376  739
 377  740
 377  741
 378  742
 379  743
 379  744
 379  745
 380  746
 380  747
 381  748
 382  749
 383  750
 384  751
 385  752
 386  752
 387  752
 388  753
 389  754
 390  754
 391  755
 392  755
 393  756
 394  757
 395  758
 396  759
 397  760
 398  761
 398  762
 399  763
 400  763
 401  764
 402  764
 402  765
 403  766
 404  767
 405  768
 406  769
 407  770
 407  771
 407  772
 408  773
 408  774
 409  775
 409  776
 409  777
 409  778
 410  779
 410  780
 411  781
 412  782
 412  783
 413  784
 413  785
 413  786
 412  786
 411  786
 410  786
 409  787
 408  786
 407  785
 406  785
 405  784
 404  783
 403  782
 402  781
 401  780
 400  779
 399  779
 398  778
 397  778
 396  778
 395  779
 394  780
 393  781
 393  782
 393  783
 393  784
 393  785
 393  786
 394  787
 395  788
 396  789
 397  789
 398  789
 399  789
 400  789
 401  789
 402  788
 403  788
 404  788
 405  788
 406  788
 407  788
 408  789
 409  789
 410  789
 411  790
 412  790
 413  791
 414  791
 414  792
 413  793
 413  794
 413  795
 412  796
 411  796
 410  797
 409  797
 408  798
 407  798
 406  798
 405  799
 404  799
 403  800
 402  800
 401  800
 400  801
 399  801
 398  802
 397  802
 396  802
 395  802
 394  802
 393  802
 392  801
 391  800
 390  799
 389  799
 388  798
 387  797
 386  796
 385  795
 384  794
 383  793
 382  792
 382  791
 381  790
 380  790
 379  789
 378  788
 377  787
 376  787
 375  787
 374  787
 373  786
 372  786
 371  786
 370  786
 369  786
 368  786
 367  786
 366  786
 365  786
 364  786
 363  786
 362  785
 361  784
 360  784
 359  783
 358  783
 357  782
 356  781
 356  780
 355  779
 355  778
 354  777
 353  777
 352  778
 351  777
 350  776
 349  776
 348  775
 347  775
 346  774
 345  774
 344  774
 343  773
 342  773
 341  773
 340  772
 339  771
 338  771
 337  770
 336  770
 335  770
 334  769
 333  768
 333  767
 334  767
 335  767
 336  767
 337  766
 337  765
 338  764
 338  763
 339  762
 340  762
 341  762
 342  762
 342  763
 342  764
 342  765
 342  766
 341  767
 342  768
 343  768
 344  767
 345  767
 346  767
 347  766
 347  765
 348  764
 349  764
 350  763
 351  763
 352  763
 353  762
 353  761
 352  760
 351  759
 350  758
 349  758
 348  758
 347  758
 346  758
 345  758
 344  757
 343  756
 344  755
 344  754
 345  753
 346  752
 347  752
 348  752
 349  752
 350  751
 351  750
 352  749
 353  748
 354  748
 355  748
 356  747
 357  747
 358  747
 359  747
 360  746
 360  745
 361  744
 362  744
 363  744
 364  743
 365  742
 365  741
 366  740
 366  739
 366  738
 365  737
 365  736
 365  735
 364  734
 363  734
 362  734
 361  733
 361  732
 360  731
 359  730
 358  730
 357  729
 356  729
 355  728
 354  727
 353  727
 352  726
 351  726
 350  725
 349  725
 348  724
 347  724
 346  723
 346  722
 345  721
 344  720
 343  719
 342  718
 342  717
 341  716
 340  715
 339  714
 338  713
 337  713
 336  713
 335  713
 334  713
 333  712
 332  711
 331  711
 330  711
 329  711
 328  711
 327  711
 326  711
 325  710
 324  710
 323  709
 322  708
 322  707
 322  706
 322  705
 323  704
 323  703
 324  703
 325  702
 325  701
 325  700
 325  699
 325  698
 325  697
 325  696
 325  695
 324  694
 324  693
 323  692
 322  691
 321  690
 320  689
 319  688
 318  687
 317  686
 316  686
 315  685
 314  684
 313  683
 314  682
 314  681
 314  680
 314  679
 314  678
 313  677
 312  678
 313  677
 314  676
 315  676
 316  676
 317  676
 318  675
 318  674
 319  673
 318  672
 317  671
 316  670
 315  670
 314  669
 313  668
 312  668
 311  667
 311  666
 310  665
 310  664
 310  663
 310  662
 310  661
 292  648
 292  647
 293  646
 293  645
 293  644
 294  643
 294  642
 294  641
 294  640
 294  639
 294  638
 294  637
 294  636
 294  635
 295  634
 295  633
 295  632
 295  631
 295  630
 296  629
 296  628
 296  627
 296  626
 297  625
 297  624
 297  623
 297  622
 297  621
 298  620
 298  619
 298  618
 298  617
 298  616
 298  615
 298  614
 298  613
 298  612
 299  611
 299  610
 299  609
 299  608
 299  607
 299  606
 299  605
 299  604
 300  603
 301  602
 301  601
 301  600
 301  599
 301  598
 301  597
 301  596
 301  595
 301  594
 302  593
 302  592
 302  591
 302  590
 302  589
 301  588
 300  587
 299  586
 299  585
 298  584
 297  583
 297  582
 296  581
 296  580
 295  579
 295  578
 295  577
 295  576
 295  575
 295  574
 295  573
 295  572
 295  571
 296  570
 296  569
 295  568
 295  567
 295  566
 295  565
 294  564
 294  563
 293  562
 292  561
 291  561
 290  560
 289  560
 288  560
 287  560
 286  560
 285  560
 284  560
 283  560
 282  560
 281  560
 280  560
 279  560
 278  560
 277  560
 276  560
 275  560
 274  560
 273  560
 272  560
 271  560
 270  559
 270  558
 270  557
 270  556
 691  435
 690  436
 689  436
 688  437
 687  437
 686  437
 685  438
 684  438
 683  438
 682  439
 681  439
 680  440
 679  440
 678  441
 677  441
 676  442
 675  442
 674  442
 673  442
 672  443
 671  444
 670  445
 669  445
 668  445
 667  446
 666  446
 665  447
 664  447
 663  448
 663  449
 663  450
 663  451
 663  452
 663  453
 664  454
 665  454
 666  454
 667  454
 668  454
 669  454
 670  454
 671  454
 672  454
 673  455
 673  456
 674  457
 674  458
 674  459
 674  460
 674  461
 674  462
 675  463
 675  464
 676  465
 677  465
 678  465
 679  466
 680  466
 681  466
 682  465
 683  465
 684  465
 685  465
 686  465
 687  464
 687  463
 687  462
 687  461
 688  460
 689  459
 690  459
 691  458
 692  458
 693  457
 694  456
 695  456
 696  456
 697  456
 698  457
 699  457
 700  457
 700  458
 701  459
 701  460
 701  461
 702  462
 703  462
 704  462
 705  462
 706  463
 707  463
 708  463
 708  464
 707  464
 706  464
 705  465
 706  466
 707  467
 708  467
 707  467
 706  467
 705  467
 704  468
 703  468
 702  468
 701  469
 700  469
 699  469
 698  469
 697  468
 696  468
 695  467
 694  467
 693  466
 692  466
 691  466
 690  466
 689  466
 688  466
 687  466
 686  466
 685  466
 684  466
 683  466
 682  466
 681  466
 680  466
 679  467
 678  467
 677  467
 676  467
 675  467
 674  467
 673  467
 672  467
 671  467
 670  468
 669  468
 668  469
 667  469
 666  470
 666  471
 665  471
 664  471
 663  471
 662  471
 661  471
 660  471
 659  471
 658  471
 657  471
 656  471
 655  471
 654  471
 653  471
 652  472
 651  472
 650  473
 649  473
 648  474
 647  474
 646  475
 645  475
 644  475
 643  475
 642  475
 641  475
 640  475
 639  475
 638  475
 637  476
 637  477
 637  478
 637  479
 637  480
 637  481
 636  482
 635  482
 634  483
 634  484
 634  485
 634  486
 634  487
 634  488
 634  489
 634  490
 634  491
 634  492
 634  493
 634  494
 634  495
 634  496
 634  497
 635  498
 636  499
 636  500
 636  501
 636  502
 636  503
 635  503
 634  504
 634  505
 634  506
 634  507
 634  508
 633  509
 633  510
 633  511
 633  512
 632  513
 631  514
 630  514
 629  513
 629  512
 628  511
 628  510
 627  509
 627  508
 626  507
 626  506
 625  505
 625  504
 624  503
 623  502
 622  502
 621  502
 620  503
 619  503
 618  503
 617  503
 616  502
 615  502
 614  502
 613  502
 612  501
 611  501
 610  500
 609  500
 608  499
 607  498
 606  497
 606  496
 606  495
 606  494
 606  493
 605  492
 604  491
 603  490
 602  489
 601  488
 600  487
 599  486
 598  485
 597  484
 596  483
 595  482
 594  481
 593  480
 592  480
 591  479
 590  478
 589  477
 588  476
 587  475
 586  475
 585  474
 584  474
 583  474
 582  474
 581  475
 580  475
 579  476
 578  477
 577  478
 576  479
 575  480
 575  481
 574  482
 573  483
 573  484
 572  485
 571  486
 570  487
 569  488
 569  489
 568  490
 567  491
 566  492
 565  492
 564  492
 563  492
 562  492
 561  492
 560  492
 559  492
 558  492
 557  491
 556  491
 555  490
 554  490
 553  490
 552  490
 551  490
 550  490
 549  490
 548  490
 547  490
 546  489
 545  489
 544  489
 543  489
 542  489
 541  489
 540  489
 539  489
 538  489
 537  489
 536  488
 535  488
 534  488
 533  487
 532  487
 531  486
 530  486
 529  486
 528  486
 527  486
 526  486
 525  486
 524  486
 523  486
 522  486
 521  486
 520  486
 519  487
 518  486
 517  486
 516  487
 515  488
 514  489
 513  490
 513  491
 512  492
 512  493
 512  494
 512  495
 512  496
 512  497
 512  498
 512  499
 511  500
 510  500
 509  500
 508  501
 508  502
 507  503
 506  504
 505  505
 504  505
 503  506
 502  506
 501  506
 500  506
 499  507
 498  507
 497  508
 496  509
 495  509
 494  510
 494  511
 493  511
 492  511
 491  512
 490  513
 489  514
 489  515
 488  516
 487  516
 486  517
 485  518
 484  519
 484  520
 484  521
 483  522
 483  523
 483  524
 482  525
 482  526
 482  527
 481  528
 480  528
 479  527
 478  526
 477  525
 477  524
 477  523
 476  522
 475  521
 475  520
 475  519
 474  518
 473  517
 472  516
 471  516
 470  516
 469  515
 469  514
 469  513
 469  512
 469  511
 469  510
 469  509
 583  581
 582  581
 581  581
 580  581
 579  580
 578  580
 577  580
 576  580
 575  580
 574  580
 573  580
 572  580
 571  580
 570  580
 569  581
 568  582
 567  582
 566  582
 565  582
 564  583
 563  583
 562  583
 561  584
 560  585
 560  586
 559  587
 558  588
 557  589
 556  590
 556  591
 555  592
 555  593
 554  593
 553  593
 552  593
 551  593
 550  594
 551  595
 551  596
 551  597
 550  598
 549  599
 549  600
 549  601
 550  602
 550  603
 550  604
 550  605
 550  606
 550  607
 550  608
 550  609
 550  610
 550  611
 551  612
 551  613
 551  614
 551  615
 552  616
 552  617
 552  618
 553  619
 553  620
 553  621
 553  622
 553  623
 553  624
 553  625
 553  626
 553  627
 553  628
 553  629
 553  630
 553  631
 553  632
 553  633
 553  634
 553  635
 552  636
 551  637
 551  638
 552  639
 553  640
 552  641
 553  642
 553  643
 553  644
 553  645
 552  646
 552  647
 552  648
 551  649
 551  650
 550  651
 549  652
 548  653
 547  654
 546  655
 545  656
 545  657
 544  657
 543  658
 542  659
 542  660
 541  660
 540  661
 539  662
 538  662
 537  662
 536  662
 535  662
 534  662
 533  662
 532  663
 531  664
 530  665
 529  665
 528  665
 527  666
 526  666
 525  666
 524  667
 523  667
 522  668
 521  668
 520  669
 519  669
 518  669
 517  669
 516  670
 515  670
 514  671
 513  671
 512  672
 511  672
 510  673
 509  673
 508  673
 507  673
 506  673
 505  673
 504  672
 503  672
 502  672
 501  672
 500  671
 500  670
 500  669
 499  668
 499  667
 498  666
 498  665
 497  664
 496  664
 495  664
 494  664
 493  664
 492  664
 491  664
 490  664
 489  664
 488  664
 487  664
 486  664
 485  664
 484  664
 483  664
 482  664
 481  664
 480  664
 479  665
 478  665
 477  666
 476  666
 475  667
 474  667
 473  668
 472  668
 471  669
 470  669
 469  670
 468  670
 467  670
 466  670
 465  670
 464  670
 463  670
 462  670
 461  670
 460  670
 459  669
 459  668
 460  667
 461  666
 462  665
 463  664
 463  663
 464  662
 465  661
 465  660
 466  659
 467  658
 468  657
 469  656
 470  655
 470  654
 471  654
 472  653
 473  652
 474  652
 475  651
 476  651
 477  651
 478  651
 479  651
 480  651
 481  651
 482  651
 483  651
 484  652
 485  652
 486  653
 487  653
 488  653
 489  654
 490  655
 491  655
 492  655
 493  655
 494  655
 495  655
 496  655
 497  655
 498  655
 499  655
 500  654
 501  653
 502  652
 503  651
 504  650
 504  649
 504  648
 504  647
 504  646
 505  645
 506  644
 507  643
 508  642
 509  641
 509  640
 510  639
 510  638
 509  637
 509  636
 509  635
 508  634
 508  633
 508  632
 507  631
 506  630
 505  629
 504  628
 503  627
 502  627
 501  626
 500  626
 499  626
 498  625
 497  625
 496  624
 495  623
 494  622
 493  622
 492  622
 491  621
 490  620
 490  619
 490  618
 490  617
 489  616
 489  615
 488  614
 488  613
 487  612
 486  612
 485  612
 484  612
 483  612
 483  611
 482  610
 482  609
 482  608
 482  607
 482  606
 483  605
 484  604
 484  603
 484  602
 484  601
 483  600
 483  599
 482  598
 482  597
 482  596
 482  595
 481  594
 481  593
 480  592
 479  592
 478  592
 477  593
 476  594
 475  594
 474  595
 473  595
 472  595
 471  595
 470  596
 469  596
 468  596
 467  596
 466  596
 465  595
 464  594
 463  594
 462  594
 461  595
 460  595
 459  596
 458  597
 458  598
 457  599
 457  600
 457  601
 457  602
 457  603
 457  604
 457  605
 457  606
 457  607
 457  608
 457  609
 457  610
 457  611
 457  612
 457  613
 457  614
 457  615
 457  616
 457  617
 457  618
 456  619
 456  620
 456  621
 456  622
 456  623
 456  624
 456  625
 455  626
 455  627
 455  628
 455  629
 455  630
 456  631
 456  632
 456  633
 456  634
 455  635
 454  636
 453  637
 452  638
 451  639
 451  640
 450  641
 449  642
 448  643
 447  644
 447  645
 446  646
 446  647
 446  648
 446  649
 446  650
 445  651
 445  652
 445  653
 445  654
 445  655
 445  656
 444  657
 444  658
 444  659
 445  660
 446  661
 447  661
 448  662
 449  663
 450  664
 451  665
 452  666
 452  667
 453  668
 453  669
 454  670
 454  671
 454  672
 454  673
 455  674
 456  675
 456  676
 456  677
 456  678
 456  679
 456  680
 456  681
 456  682
 457  683
 458  683
 458  684
 459  685
 458  686
 458  687
 458  688
 458  689
 458  690
 457  689
 456  689
 455  690
 456  691
 456  692
 457  693
 458  694
 458  695
 458  696
 459  697
 459  698
 459  699
 460  700
 461  700
 462  701
 463  702
 464  703
 465  703
 466  703
 467  703
 468  703
 469  703
 470  703
 471  703
 472  703
 473  703
 474  704
 475  704
 476  705
 477  706
 477  707
 478  708
 478  709
 478  710
 479  711
 479  712
 480  713
 480  714
 480  715
 480  716
 480  717
 479  717
 478  717
 477  716
 477  715
 476  714
 476  713
 476  712
 475  711
 474  710
 473  710
 472  709
 471  708
 470  708
 469  708
 468  708
 467  708
 466  708
 465  708
 464  708
 463  708
 462  708
 461  708
 460  708
 459  708
 458  708
 457  708
 456  707
 455  706
 454  706
 453  706
 452  706
 451  706
 450  706
 449  707
 449  708
 449  709
 448  710
 447  711
 447  712
 446  713
 446  714
 447  715
 447  716
 446  717
 447  718
 447  719
 448  720
 448  721
 449  722
 449  723
 449  724
 449  725
 448  726
 447  725
 446  725
 445  724
 445  723
 444  722
 444  721
 443  720
 443  719
 442  718
 442  717
 441  716
 440  715
 439  715
 438  715
 437  716
 437  717
 436  718
 436  719
 436  720
 436  721
 436  722
 435  722
 434  722
 433  723
 432  722
 432  721
 431  720
 430  720
 429  721
 428  722
 427  723
 426  724
 425  725
 424  726
 423  726
 422  727
 421  727
 420  728
 419  729
 418  729
 417  729
 416  729
 417  728
 417  727
 418  726
 418  725
 419  724
 420  723
 420  722
 421  721
 422  720
 422  719
 422  718
 422  717
 422  716
 422  715
 422  714
 423  713
 423  712
 424  711
 424  710
 424  709
 423  708
 422  707
 421  706
 421  705
 420  704
 419  703
 419  702
 418  701
 418  700
 418  699
 417  698
 416  697
 416  696
 416  695
 415  694
 414  693
 413  692
 412  691
 411  690
 410  689
 409  688
 409  687
 409  686
 408  685
 407  685
 406  685
 405  685
 405  684
 405  683
 404  682
 403  682
 402  681
 401  681
 400  681
 399  681
 398  680
 397  679
 397  678
 397  677
 398  676
 399  675
 400  675
 401  674
 402  674
 403  674
 404  674
 405  675
 406  676
 407  677
 408  676
 409  676
 410  675
 411  674
 412  674
 413  673
 414  672
 415  671
 415  670
 415  669
 416  668
 417  667
 417  666
 417  665
 418  664
 419  663
 418  662
 419  661
 420  660
 421  659
 422  658
 423  657
 423  656
 424  655
 425  654
 426  653
 427  652
 428  652
 429  651
 430  650
 429  649
 429  648
 430  648
 431  648
 432  648
 433  647
 432  646
 431  645
 430  645
 429  644
 428  644
 428  643
 427  642
 426  641
 426  640
 425  639
 425  638
 424  637
 424  636
 424  635
 424  634
 423  633
 423  632
 423  631
 423  630
 422  629
 422  628
 422  627
 421  626
 420  625
 419  624
 418  624
 417  623
 416  622
 415  621
 415  620
 414  619
 413  618
 412  617
 411  616
 411  615
 410  614
 410  613
 410  612
 409  611
 409  610
 409  609
 409  608
 408  607
 408  606
 408  605
 408  604
 408  603
 407  602
 408  601
 408  600
 408  599
 408  598
 409  597
 409  596
 410  596
 411  595
 411  594
 411  593
 411  592
 411  591
 412  590
 413  590
 414  591
 415  591
 416  592
 416  593
 417  594
 418  595
 418  596
 418  597
 419  598
 419  599
 420  600
 421  601
 422  602
 423  602
 424  601
 424  600
 424  599
 424  598
 424  597
 424  596
 424  595
 424  594
 424  593
 423  592
 422  591
 421  590
 421  589
 420  588
 420  587
 420  586
 420  585
 421  584
 422  584
 423  583
 424  582
 424  581
 424  580
 424  579
 424  578
 424  577
 424  576
 424  575
 423  574
 423  573
 423  572
 423  571
 422  570
 421  569
 420  568
 419  567
 418  566
 418  565
 417  564
 417  563
 417  562
 417  561
 417  560
 417  559
 417  558
 417  557
 417  556
 417  555
 417  554
 417  553
 417  552
 417  551
 417  550
 417  549
 417  548
 418  548
 419  549
 419  550
 420  551
 421  552
 421  553
 422  554
 423  555
 423  556
 424  557
 424  558
 425  559
 426  560
 427  560
 428  561
 429  561
 430  561
 431  561
 432  562
 432  563
 432  564
 432  565
 433  566
 434  566
 435  566
 436  566
 437  567
 438  566
 439  565
 440  565
 441  566
 441  567
 442  568
 442  569
 442  570
 443  571
 444  572
 445  573
 446  574
 447  575
 448  575
 449  575
 450  575
 451  575
 452  575
 453  574
 454  573
 455  572
 455  571
 455  570
 455  569
 456  568
 457  567
 457  566
 456  565
 455  565
 455  564
 455  563
 455  562
 456  561
 456  560
 457  559
 458  558
 458  557
 458  556
 458  555
 457  554
 456  554
 455  554
 455  553
 455  552
 454  551
 454  550
 453  549
 453  548
 453  547
 453  546
 453  545
 452  544
 451  543
 450  543
 449  543
 449  542
 449  541
 449  540
 448  539
 447  539
 447  538
 447  537
 447  536
 446  535
 445  534
 445  533
 444  532
 444  531
 444  530
 443  529
 443  528
 442  527
 441  528
 440  529
 439  529
 438  529
 437  528
 436  528
 435  527
 435  526
 434  525
 434  524
 433  523
 432  522
 431  522
 430  521
 429  520
 428  519
 428  518
 427  517
 426  516
 425  516
 424  515
 423  515
 422  515
 421  515
 420  515
 419  515
 418  515
 417  515
 416  516
 415  516
 414  516
 413  516
 412  516
 411  515
 410  515
 409  514
 409  513
 408  512
 407  511
 406  511
 405  510
 405  509
 404  508
 403  508
 402  507
 401  507
 401  506
 402  505
 402  504
 401  503
 400  502
 399  501
 398  501
 397  500
 396  500
 395  500
 394  499
 393  498
 392  498
 391  497
 390  496
 389  496
 388  495
 387  495
 386  494
 385  494
 384  494
 383  493
 383  492
 382  491
 381  490
 381  489
 381  488
 381  487
 381  486
 381  485
