   x    y
 140  506
 141  505
 141  504
 141  503
 141  502
 141  501
 141  500
 142  499
 142  498
 142  497
 143  496
 144  495
 145  495
 146  495
 146  496
 147  497
 147  498
 148  499
 148  500
 149  501
 149  502
 149  503
 149  504
 149  505
 149  506
 150  507
 151  508
 152  509
 153  510
 153  511
 153  512
 154  513
 153  514
 153  515
 153  516
 154  517
 154  518
 154  519
 154  520
 154  521
 154  522
 153  523
 152  523
 152  522
 151  521
 151  520
 151  519
 151  518
 150  517
 149  517
 149  516
 148  515
 148  514
 147  513
 146  512
 145  512
 144  512
 143  511
 142  511
 141  510
 140  509
 140  508
 140  507
 140  506
  64  466
  65  467
  66  467
  67  467
  68  467
  69  468
  70  468
  70  469
  71  470
  72  471
  72  472
  73  473
  74  474
  75  475
  76  476
  77  477
  78  478
  79  478
  80  478
  81  479
  82  480
  83  481
  84  482
  85  482
  86  482
  87  482
  88  482
  89  483
  90  483
  91  483
  92  484
  92  485
  93  486
  93  487
  93  488
  92  488
  91  488
  90  488
  89  488
  88  488
  87  488
  86  488
  85  488
  84  488
  83  488
  82  488
  81  488
  80  488
  79  488
  78  488
  77  488
  76  489
  75  489
  74  489
  73  489
  72  489
  71  489
  70  489
  69  489
  68  489
  67  489
  66  489
  65  489
  64  489
  63  489
  62  489
  61  489
  60  489
  59  489
  58  488
  57  487
  56  486
  55  485
  54  484
  53  483
  52  483
  51  482
  50  482
  49  482
  48  482
  47  482
  46  482
  45  482
  44  482
  43  482
  42  482
  41  481
  40  481
  39  480
  38  479
  37  478
  36  478
  35  477
  34  477
  33  477
  32  477
  31  477
  30  477
  29  477
  28  477
  27  477
  26  477
  25  477
  24  477
  23  477
  22  477
  21  477
  20  477
  19  477
  18  477
  17  477
  16  478
  15  478
  14  478
  13  479
  12  480
  11  481
  10  482
   9  483
   8  483
   7  483
   6  482
   5  483
   4  482
   3  481
   3  480
   3  479
 844  342
 843  343
 842  344
 842  345
 842  346
 842  347
 842  348
 842  349
 842  350
 843  351
 844  351
 845  350
 846  350
 847  350
 848  349
 849  348
 850  348
 851  348
 852  347
 851  348
 851  349
 850  350
 849  351
 848  352
 847  353
 846  353
 845  353
 844  353
 843  354
 842  355
 842  356
 841  357
 841  358
 840  359
 839  360
 839  361
 838  361
 837  362
 836  362
 835  363
 834  363
 833  364
 832  364
 831  364
 830  364
 829  364
 828  363
 827  363
 826  362
 825  363
 824  364
 823  364
 822  365
 821  366
 820  366
 819  367
 818  367
 817  367
 816  367
 816  366
 816  365
 816  364
 784  437
 784  438
 783  438
 782  438
 781  439
 781  438
 781  437
 780  436
 779  435
 778  435
 777  436
 776  436
 775  436
 775  435
 775  434
 775  433
 776  432
 776  431
 776  430
 776  429
 775  428
 775  427
 774  426
 774  425
 773  424
 773  423
 772  422
 772  421
 771  420
 771  419
 770  418
 769  417
 768  417
 767  416
 767  415
 766  414
 765  415
 764  415
 763  415
 762  415
 761  414
 760  414
 759  413
 758  413
 757  413
 756  413
 755  413
 754  413
 753  413
 752  413
 751  412
 751  411
 751  410
 750  409
 750  408
 750  407
 750  406
 750  405
 751  405
 752  405
 753  405
 754  405
 755  406
 756  407
 757  408
 758  409
 759  409
 760  409
 761  409
 762  409
 763  409
 764  408
 765  407
 765  406
 765  405
 765  404
 765  403
 765  402
 765  401
 765  400
 764  399
 764  398
 763  397
 763  396
 764  395
 764  394
 764  393
 764  392
 765  391
 766  391
 767  391
 768  391
 769  392
 770  392
 771  393
 772  394
 773  394
 774  393
 775  392
 775  391
 775  390
 775  389
 775  388
 774  387
 773  386
 772  385
 771  385
 770  385
 769  385
 768  385
 767  385
 766  384
 765  384
 764  383
 763  382
 762  381
 761  381
 760  381
 759  381
 758  381
 757  381
 756  381
 755  381
 754  381
 753  381
 752  382
 751  382
 750  383
 749  383
 748  383
 747  384
 746  384
 745  384
 744  384
 743  384
 742  383
 741  383
 740  383
 739  382
 738  382
 737  382
 736  381
 735  381
 734  380
 733  380
 732  380
 731  380
 730  380
 729  380
 728  380
 727  379
 726  379
 725  379
 724  378
 723  378
 722  377
 721  376
 720  376
 719  375
 718  374
 717  374
 716  373
 715  372
 714  372
 713  372
 712  372
 711  372
 710  372
 709  373
 708  373
 707  373
 706  373
 706  372
 707  372
 708  371
 708  370
 709  369
 710  368
 710  367
 709  366
 708  366
 707  366
 706  366
 705  366
 704  366
 703  366
 702  366
 701  366
 700  366
 699  366
 698  366
 697  366
 696  366
 695  366
 694  366
 693  366
 693  365
 693  364
 693  363
 683  183
 682  184
 682  185
 681  186
 681  187
 680  188
 680  189
 680  190
 680  191
 680  192
 680  193
 680  194
 680  195
 680  196
 680  197
 680  198
 680  199
 680  200
 681  201
 682  202
 682  203
 683  204
 684  205
 684  206
 684  207
 685  208
 685  209
 685  210
 685  211
 684  212
 683  213
 682  213
 681  213
 680  213
 679  213
 678  214
 677  214
 676  214
 675  214
 674  214
 673  214
 672  214
 671  214
 670  215
 669  216
 669  217
 669  218
 669  219
 668  219
 667  219
 666  218
 665  218
 664  217
 663  216
 662  216
 661  216
 660  216
 659  216
 658  217
 657  218
 656  219
 655  220
 654  221
 653  221
 652  222
 651  222
 650  221
 649  221
 648  220
 648  219
 648  218
 647  217
 646  217
 646  216
 645  215
 644  214
 643  213
 642  213
 641  213
 640  213
 639  213
 638  213
 637  212
 636  211
 635  210
 636  209
 636  208
 637  207
 638  207
 639  206
 640  205
 641  204
 642  203
 643  202
 644  202
 645  201
 645  200
 646  199
 646  198
 646  197
 646  196
 646  195
 646  194
 646  193
 646  192
 645  191
 644  190
 644  189
 643  188
 642  188
 641  188
 640  188
 639  188
 638  188
 637  187
 636  186
 635  185
 634  185
 633  185
 632  185
 631  185
 630  185
 629  185
 628  185
 627  186
 626  186
 625  186
 624  186
 623  186
 622  186
 621  186
 620  186
 619  186
 618  186
 617  186
 616  186
 615  186
 614  186
 613  186
 612  186
 611  186
 610  186
 609  187
 608  188
 607  189
 606  189
 605  190
 604  190
 603  191
 603  192
 602  193
 601  194
 600  194
 599  194
 598  193
 597  194
 596  195
 595  196
 595  197
 594  198
 593  199
 592  200
 592  201
 592  202
 592  203
 592  204
 593  205
 593  206
 594  207
 595  208
 596  209
 597  210
 598  211
 599  212
 600  213
 601  214
 602  215
 603  216
 604  217
 605  218
 605  219
 606  220
 606  221
 607  222
 607  223
 608  224
 609  225
 610  226
 610  227
 611  228
 612  229
 612  230
 612  231
 613  232
 614  233
 614  234
 615  235
 616  236
 616  237
 617  238
 618  239
 619  239
 620  240
 621  241
 622  242
 623  242
 624  242
 625  242
 626  242
 627  242
 628  243
 629  244
 629  245
 630  246
 631  247
 632  248
 632  249
 632  250
 632  251
 632  252
 631  253
 630  253
 629  254
 628  254
 627  255
 626  256
 626  257
 625  257
 624  258
 623  259
 622  259
 621  260
 620  261
 619  262
 618  263
 618  264
 617  265
 617  266
 616  266
 615  267
 614  268
 613  269
 613  270
 612  271
 612  272
 612  273
 611  274
 611  275
 610  276
 609  277
 608  278
 608  279
 607  280
 606  281
 606  282
 606  283
 605  284
 605  285
 604  286
 603  287
 603  288
 602  289
 601  290
 600  291
 600  292
 600  293
 600  294
 601  295
 601  296
 602  297
 602  298
 603  299
 603  300
 603  301
 603  302
 603  303
 603  304
 603  305
 603  306
 603  307
 603  308
 602  309
 602  310
 601  311
 601  312
 601  313
 600  314
 599  315
 598  315
 597  315
 596  315
 595  315
 594  315
 593  316
 592  316
 591  317
 590  317
 589  318
 588  318
 587  319
 586  320
 585  321
 584  322
 583  323
 582  324
 581  325
 581  326
 580  326
 579  327
 578  327
 577  328
 576  328
 575  328
 574  328
 573  327
 572  327
 571  327
 570  327
 569  327
 568  327
 567  326
 566  326
 565  325
 564  325
 563  324
 562  325
 561  325
 560  326
 559  326
 559  325
 559  324
 559  323
 559  322
 559  321
 560  320
 560  319
 560  318
 560  317
 560  316
 559  315
 558  315
 558  314
 559  314
 560  314
 561  314
 562  313
 563  313
 564  313
 565  313
 566  313
 567  313
 568  312
 569  311
 570  310
 571  309
 572  308
 573  307
 574  306
 574  305
 575  304
 576  303
 577  302
 578  302
 579  301
 580  300
 580  299
 581  298
 581  297
 581  296
 581  295
 580  294
 580  293
 579  292
 579  291
 578  290
 578  289
 578  288
 579  287
 580  287
 581  287
 581  288
 582  289
 583  288
 584  289
 585  289
 586  289
 587  288
 588  288
 589  288
 590  288
 591  287
 592  286
 592  285
 593  284
 594  283
 595  282
 595  281
 596  280
 596  279
 597  278
 597  277
 597  276
 597  275
 597  274
 598  273
 599  272
 599  271
 600  270
 600  269
 600  268
 600  267
 600  266
 600  265
 600  264
 600  263
 599  262
 598  261
 598  260
 598  259
 598  258
 598  257
 598  256
 598  255
 598  254
 598  253
 598  252
 598  251
 598  250
 598  249
 598  248
 598  247
 598  246
 598  245
 599  244
 600  245
 600  246
 601  247
 602  247
 603  247
 604  246
 605  245
 606  244
 606  243
 606  242
 606  241
 606  240
 606  239
 606  238
 606  237
 605  236
 604  235
 603  235
 602  234
 601  234
 600  233
 600  232
 599  231
 598  231
 597  230
 596  230
 595  229
 595  228
 595  227
 595  226
 594  225
 594  224
 593  223
 593  222
 592  221
 591  220
 590  219
 589  218
 588  217
 587  216
 587  215
 587  214
 587  213
 586  212
 586  211
 586  210
 585  209
 584  209
 583  209
 582  209
 581  210
 580  211
 580  212
 579  213
 579  214
 579  215
 579  216
 578  217
 578  218
 577  219
 576  219
 576  218
 576  217
 576  216
 576  215
 576  214
 575  213
 575  212
 574  211
 573  210
 572  209
 572  208
 572  207
 572  206
 572  205
 572  204
 571  203
 570  203
 569  204
 569  205
 568  206
 567  207
 566  208
 565  208
 564  209
 563  209
 562  210
 562  209
 561  208
 561  207
 561  206
 560  205
 560  204
 561  203
 562  202
 562  201
 563  200
 562  199
 561  198
 560  197
 559  197
 558  196
 557  196
 556  196
 555  195
 554  195
 553  195
 552  195
 551  195
 550  195
 549  195
 548  195
 547  196
 546  196
 545  197
 544  197
 543  198
 542  199
 541  199
 540  200
 539  200
 538  201
 537  201
 536  202
 535  202
 534  202
 533  203
 532  203
 531  204
 530  204
 529  205
 528  206
 527  207
 527  208
 526  209
 526  210
 526  211
 527  212
 527  213
 527  214
 527  215
 527  216
 527  217
 527  218
 526  219
 526  220
 525  220
 524  220
 523  221
 522  222
 521  223
 520  223
 519  223
 518  224
 517  224
 516  224
 515  224
 514  224
 513  225
 512  224
 511  225
 510  225
 509  224
 508  224
 507  223
 506  223
 505  223
 504  223
 503  224
 502  224
 501  225
 501  226
 500  227
 499  228
 498  229
 497  230
 496  230
 495  230
 494  230
 493  230
 492  230
 491  229
 490  229
 489  230
 488  230
 487  229
 487  228
 487  227
 487  226
 487  225
 487  224
 488  223
 489  222
 489  221
 489  220
 489  219
 489  218
 489  217
 488  216
 487  215
 487  214
 487  213
 486  212
 486  211
 486  210
 485  209
 485  208
 485  207
 484  206
 484  205
 484  204
 484  203
 483  202
 482  202
 482  201
 482  200
 482  199
 988  475
 988  474
 989  473
 990  472
 991  472
 992  471
 993  470
 994  469
 994  468
 995  467
 996  466
 996  465
 996  464
 996  463
 997  462
 997  461
 997  460
 996  459
 996  458
 995  457
 994  457
 993  457
 992  457
 991  457
 990  458
 989  459
 988  459
 987  460
 987  461
 986  462
 985  463
 984  464
 983  465
 982  466
 981  467
 980  467
 979  467
 978  468
 977  468
 976  468
 975  469
 974  470
 974  471
 973  472
 972  472
 971  472
 970  472
 969  472
 968  471
 967  471
 966  470
 965  470
 964  470
 963  470
 962  470
 961  470
 960  469
 959  469
 958  468
 957  468
 956  468
 955  468
 954  468
 953  468
 952  468
 951  468
 950  467
 949  467
 948  467
 947  467
 946  466
 945  466
 944  466
 943  465
 942  465
 941  464
 940  464
 939  463
 938  463
 938  462
 937  461
 936  461
 935  460
 934  459
 933  458
 933  457
 932  456
 931  455
 931  454
 930  453
 930  452
 929  451
 929  450
 928  449
 928  448
 928  447
 928  446
 927  445
 926  445
 925  444
 924  443
 923  443
 922  442
 921  441
 920  441
 919  440
 918  439
 917  439
 916  439
 915  439
 914  438
 913  437
 912  436
 911  436
 910  436
 909  436
 908  435
 907  435
 906  435
 905  435
 904  435
 903  435
 902  436
 901  436
 900  436
 899  436
 898  437
 897  437
 896  438
 895  439
 894  439
 893  439
 892  439
 891  439
 890  439
 889  439
 888  439
 887  439
 886  439
 885  439
 884  439
 883  439
 882  439
 881  439
 880  439
 879  439
 878  440
 877  441
 876  442
 876  443
 875  444
 874  445
 873  446
 873  447
 872  448
 871  448
 870  449
 869  450
 868  451
 867  452
 866  453
 865  454
 864  454
 863  454
 862  454
 861  454
 860  454
 859  454
 858  453
 857  453
 856  452
 855  452
 854  452
 853  451
 852  450
 851  450
 850  449
 849  448
 849  447
 848  446
 847  446
 846  445
 845  446
 844  446
 843  446
 842  446
 841  446
 840  446
 839  446
 838  446
 837  446
 836  445
 835  445
 834  445
 833  445
 832  445
 831  445
 830  445
 829  445
 828  446
 827  446
 826  445
 825  445
 824  444
 823  444
 822  444
 821  444
 820  444
 819  443
 818  443
 817  443
 816  443
 815  443
 814  443
 813  443
 812  443
 811  443
 810  443
 809  443
 808  443
 807  443
 806  443
 805  443
 804  443
 803  443
 802  444
 801  444
 800  444
 799  445
 798  445
 797  445
 796  445
 795  445
 794  445
 793  445
 792  445
 791  445
 790  445
 789  445
 788  445
 787  445
 787  444
 787  443
 787  442
 787  441
 787  440
 786  439
 785  438
 785  437
 785  436
 785  435
 785  434
 785  433
 785  432
 785  431
 785  430
 784  429
 783  428
 782  427
 781  427
 780  426
 780  425
 781  424
 780  423
 779  422
 778  422
 777  422
 776  422
 775  422
 774  421
 773  421
 772  421
 771  421
 770  421
 769  420
 768  420
 767  420
 766  420
 766  419
 765  418
 764  417
 763  416
 763  415
 762  414
 761  413
 760  412
 759  411
 758  411
 758  410
 758  409
 758  408
 757  407
 757  406
 756  405
 755  405
 754  404
 753  404
 752  404
 751  404
 750  404
 749  404
 748  404
 747  404
 746  404
 745  404
 744  404
 743  404
 742  404
 741  404
 740  404
 739  404
 738  404
 737  404
 736  404
 735  404
 734  405
 733  406
 732  407
 731  407
 730  408
 729  409
 728  410
 727  411
 727  412
 726  413
 725  414
 724  415
 723  416
 722  416
 721  417
 720  417
 719  418
 718  418
 717  419
 716  419
 715  420
 714  420
 713  420
 712  420
 711  421
 710  422
 709  423
 708  424
 707  424
 706  424
 705  425
 704  425
 703  426
 702  427
 701  428
 700  429
 699  429
 698  430
 697  431
 696  431
 695  432
 694  433
 693  434
 692  434
 691  435
 690  436
 689  436
 688  437
 687  437
 686  437
 685  438
 684  438
 683  438
 682  439
 681  439
 680  440
 679  440
 678  441
 677  441
 676  442
 675  442
 674  442
 673  442
 672  443
 671  444
 670  445
 669  445
 668  445
 667  446
 666  446
 665  447
 664  447
 663  448
 663  449
 663  450
 663  451
 663  452
 663  453
 664  454
 665  454
 666  454
 667  454
 668  454
 669  454
 670  454
 671  454
 672  454
 673  455
 673  456
 674  457
 674  458
 674  459
 674  460
 674  461
 674  462
 675  463
 675  464
 676  465
 677  465
 678  465
 679  466
 680  466
 681  466
 682  465
 683  465
 684  465
 685  465
 686  465
 687  464
 687  463
 687  462
 687  461
 688  460
 689  459
 690  459
 691  458
 692  458
 693  457
 694  456
 695  456
 696  456
 697  456
 698  457
 699  457
 700  457
 700  458
 701  459
 701  460
 701  461
 702  462
 703  462
 704  462
 705  462
 706  463
 707  463
 708  463
 708  464
 707  464
 706  464
 705  465
 706  466
 707  467
 708  467
 707  467
 706  467
 705  467
 704  468
 703  468
 702  468
 701  469
 700  469
 699  469
 698  469
 697  468
 696  468
 695  467
 694  467
 693  466
 692  466
 691  466
 690  466
 689  466
 688  466
 687  466
 686  466
 685  466
 684  466
 683  466
 682  466
 681  466
 680  466
 679  467
 678  467
 677  467
 676  467
 675  467
 674  467
 673  467
 672  467
 671  467
 670  468
 669  468
 668  469
 667  469
 666  470
 666  471
 665  471
 664  471
 663  471
 662  471
 661  471
 660  471
 659  471
 658  471
 657  471
 656  471
 655  471
 654  471
 653  471
 652  472
 651  472
 650  473
 649  473
 648  474
 647  474
 646  475
 645  475
 644  475
 643  475
 642  475
 641  475
 640  475
 639  475
 638  475
 637  476
 637  477
 637  478
 637  479
 637  480
 637  481
 636  482
 635  482
 634  483
 634  484
 634  485
 634  486
 634  487
 634  488
 634  489
 634  490
 634  491
 634  492
 634  493
 634  494
 634  495
 634  496
 634  497
 635  498
 636  499
 636  500
 636  501
 636  502
 636  503
 635  503
 634  504
 634  505
 634  506
 634  507
 634  508
 633  509
 633  510
 633  511
 633  512
 632  513
 631  514
 630  514
 629  513
 629  512
 628  511
 628  510
 627  509
 627  508
 626  507
 626  506
 625  505
 625  504
 624  503
 623  502
 622  502
 621  502
 620  503
 619  503
 618  503
 617  503
 616  502
 615  502
 614  502
 613  502
 612  501
 611  501
 610  500
 609  500
 608  499
 607  498
 606  497
 606  496
 606  495
 606  494
 606  493
 605  492
 604  491
 603  490
 602  489
 601  488
 600  487
 599  486
 598  485
 597  484
 596  483
 595  482
 594  481
 593  480
 592  480
 591  479
 590  478
 589  477
 588  476
 587  475
 586  475
 585  474
 584  474
 583  474
 582  474
 581  475
 580  475
 579  476
 578  477
 577  478
 576  479
 575  480
 575  481
 574  482
 573  483
 573  484
 572  485
 571  486
 570  487
 569  488
 569  489
 568  490
 567  491
 566  492
 565  492
 564  492
 563  492
 562  492
 561  492
 560  492
 559  492
 558  492
 557  491
 556  491
 555  490
 554  490
 553  490
 552  490
 551  490
 550  490
 549  490
 548  490
 547  490
 546  489
 545  489
 544  489
 543  489
 542  489
 541  489
 540  489
 539  489
 538  489
 537  489
 536  488
 535  488
 534  488
 533  487
 532  487
 531  486
 530  486
 529  486
 528  486
 527  486
 526  486
 525  486
 524  486
 523  486
 522  486
 521  486
 520  486
 519  487
 518  486
 517  486
 516  487
 515  488
 514  489
 513  490
 513  491
 512  492
 512  493
 512  494
 512  495
 512  496
 512  497
 512  498
 512  499
 511  500
 510  500
 509  500
 508  501
 508  502
 507  503
 506  504
 505  505
 504  505
 503  506
 502  506
 501  506
 500  506
 499  507
 498  507
 497  508
 496  509
 495  509
 494  510
 494  511
 493  511
 492  511
 491  512
 490  513
 489  514
 489  515
 488  516
 487  516
 486  517
 485  518
 484  519
 484  520
 484  521
 483  522
 483  523
 483  524
 482  525
 482  526
 482  527
 481  528
 480  528
 479  527
 478  526
 477  525
 477  524
 477  523
 476  522
 475  521
 475  520
 475  519
 474  518
 473  517
 472  516
 471  516
 470  516
 469  515
 469  514
 469  513
 469  512
 469  511
 469  510
 469  509
 583  581
 582  581
 581  581
 580  581
 579  580
 578  580
 577  580
 576  580
 575  580
 574  580
 573  580
 572  580
 571  580
 570  580
 569  581
 568  582
 567  582
 566  582
 565  582
 564  583
 563  583
 562  583
 561  584
 560  585
 560  586
 559  587
 558  588
 557  589
 556  590
 556  591
 555  592
 555  593
 554  593
 553  593
 552  593
 551  593
 550  594
 551  595
 551  596
 551  597
 550  598
 549  599
 549  600
 549  601
 550  602
 550  603
 550  604
 550  605
 550  606
 550  607
 550  608
 550  609
 550  610
 550  611
 551  612
 551  613
 551  614
 551  615
 552  616
 552  617
 552  618
 553  619
 553  620
 553  621
 553  622
 553  623
 553  624
 553  625
 553  626
 553  627
 553  628
 553  629
 553  630
 553  631
 553  632
 553  633
 553  634
 553  635
 552  636
 551  637
 551  638
 552  639
 553  640
 552  641
 553  642
 553  643
 553  644
 553  645
 552  646
 552  647
 552  648
 551  649
 551  650
 550  651
 549  652
 548  653
 547  654
 546  655
 545  656
 545  657
 544  657
 543  658
 542  659
 542  660
 541  660
 540  661
 539  662
 538  662
 537  662
 536  662
 535  662
 534  662
 533  662
 532  663
 531  664
 530  665
 529  665
 528  665
 527  666
 526  666
 525  666
 524  667
 523  667
 522  668
 521  668
 520  669
 519  669
 518  669
 517  669
 516  670
 515  670
 514  671
 513  671
 512  672
 511  672
 510  673
 509  673
 508  673
 507  673
 506  673
 505  673
 504  672
 503  672
 502  672
 501  672
 500  671
 500  670
 500  669
 499  668
 499  667
 498  666
 498  665
 497  664
 496  664
 495  664
 494  664
 493  664
 492  664
 491  664
 490  664
 489  664
 488  664
 487  664
 486  664
 485  664
 484  664
 483  664
 482  664
 481  664
 480  664
 479  665
 478  665
 477  666
 476  666
 475  667
 474  667
 473  668
 472  668
 471  669
 470  669
 469  670
 468  670
 467  670
 466  670
 465  670
 464  670
 463  670
 462  670
 461  670
 460  670
 459  669
 459  668
 460  667
 461  666
 462  665
 463  664
 463  663
 464  662
 465  661
 465  660
 466  659
 467  658
 468  657
 469  656
 470  655
 470  654
 471  654
 472  653
 473  652
 474  652
 475  651
 476  651
 477  651
 478  651
 479  651
 480  651
 481  651
 482  651
 483  651
 484  652
 485  652
 486  653
 487  653
 488  653
 489  654
 490  655
 491  655
 492  655
 493  655
 494  655
 495  655
 496  655
 497  655
 498  655
 499  655
 500  654
 501  653
 502  652
 503  651
 504  650
 504  649
 504  648
 504  647
 504  646
 505  645
 506  644
 507  643
 508  642
 509  641
 509  640
 510  639
 510  638
 509  637
 509  636
 509  635
 508  634
 508  633
 508  632
 507  631
 506  630
 505  629
 504  628
 503  627
 502  627
 501  626
 500  626
 499  626
 498  625
 497  625
 496  624
 495  623
 494  622
 493  622
 492  622
 491  621
 490  620
 490  619
 490  618
 490  617
 489  616
 489  615
 488  614
 488  613
 487  612
 486  612
 485  612
 484  612
 483  612
 483  611
 482  610
 482  609
 482  608
 482  607
 482  606
 483  605
 484  604
 484  603
 484  602
 484  601
 483  600
 483  599
 482  598
 482  597
 482  596
 482  595
 481  594
 481  593
 480  592
 479  592
 478  592
 477  593
 476  594
 475  594
 474  595
 473  595
 472  595
 471  595
 470  596
 469  596
 468  596
 467  596
 466  596
 465  595
 464  594
 463  594
 462  594
 461  595
 460  595
 459  596
 458  597
 458  598
 457  599
 457  600
 457  601
 457  602
 457  603
 457  604
 457  605
 457  606
 457  607
 457  608
 457  609
 457  610
 457  611
 457  612
 457  613
 457  614
 457  615
 457  616
 457  617
 457  618
 456  619
 456  620
 456  621
 456  622
 456  623
 456  624
 456  625
 455  626
 455  627
 455  628
 455  629
 455  630
 456  631
 456  632
 456  633
 456  634
 455  635
 454  636
 453  637
 452  638
 451  639
 451  640
 450  641
 449  642
 448  643
 447  644
 447  645
 446  646
 446  647
 446  648
 446  649
 446  650
 445  651
 445  652
 445  653
 445  654
 445  655
 445  656
 444  657
 444  658
 444  659
 445  660
 446  661
 447  661
 448  662
 449  663
 450  664
 451  665
 452  666
 452  667
 453  668
 453  669
 454  670
 454  671
 454  672
 454  673
 455  674
 456  675
 456  676
 456  677
 456  678
 456  679
 456  680
 456  681
 456  682
 457  683
 458  683
 458  684
 459  685
 458  686
 458  687
 458  688
 458  689
 458  690
 457  689
 456  689
 455  690
 456  691
 456  692
 457  693
 458  694
 458  695
 458  696
 459  697
 459  698
 459  699
 460  700
 461  700
 462  701
 463  702
 464  703
 465  703
 466  703
 467  703
 468  703
 469  703
 470  703
 471  703
 472  703
 473  703
 474  704
 475  704
 476  705
 477  706
 477  707
 478  708
 478  709
 478  710
 479  711
 479  712
 480  713
 480  714
 480  715
 480  716
 480  717
 479  717
 478  717
 477  716
 477  715
 476  714
 476  713
 476  712
 475  711
 474  710
 473  710
 472  709
 471  708
 470  708
 469  708
 468  708
 467  708
 466  708
 465  708
 464  708
 463  708
 462  708
 461  708
 460  708
 459  708
 458  708
 457  708
 456  707
 455  706
 454  706
 453  706
 452  706
 451  706
 450  706
 449  707
 449  708
 449  709
 448  710
 447  711
 447  712
 446  713
 446  714
 447  715
 447  716
 446  717
 447  718
 447  719
 448  720
 448  721
 449  722
 449  723
 449  724
 449  725
 448  726
 447  725
 446  725
 445  724
 445  723
 444  722
 444  721
 443  720
 443  719
 442  718
 442  717
 441  716
 440  715
 439  715
 438  715
 437  716
 437  717
 436  718
 436  719
 436  720
 436  721
 436  722
 435  722
 434  722
 433  723
 432  722
 432  721
 431  720
 430  720
 429  721
 428  722
 427  723
 426  724
 425  725
 424  726
 423  726
 422  727
 421  727
 420  728
 419  729
 418  729
 417  729
 416  729
 417  728
 417  727
 418  726
 418  725
 419  724
 420  723
 420  722
 421  721
 422  720
 422  719
 422  718
 422  717
 422  716
 422  715
 422  714
 423  713
 423  712
 424  711
 424  710
 424  709
 423  708
 422  707
 421  706
 421  705
 420  704
 419  703
 419  702
 418  701
 418  700
 418  699
 417  698
 416  697
 416  696
 416  695
 415  694
 414  693
 413  692
 412  691
 411  690
 410  689
 409  688
 409  687
 409  686
 408  685
 407  685
 406  685
 405  685
 405  684
 405  683
 404  682
 403  682
 402  681
 401  681
 400  681
 399  681
 398  680
 397  679
 397  678
 397  677
 398  676
 399  675
 400  675
 401  674
 402  674
 403  674
 404  674
 405  675
 406  676
 407  677
 408  676
 409  676
 410  675
 411  674
 412  674
 413  673
 414  672
 415  671
 415  670
 415  669
 416  668
 417  667
 417  666
 417  665
 418  664
 419  663
 418  662
 419  661
 420  660
 421  659
 422  658
 423  657
 423  656
 424  655
 425  654
 426  653
 427  652
 428  652
 429  651
 430  650
 429  649
 429  648
 430  648
 431  648
 432  648
 433  647
 432  646
 431  645
 430  645
 429  644
 428  644
 428  643
 427  642
 426  641
 426  640
 425  639
 425  638
 424  637
 424  636
 424  635
 424  634
 423  633
 423  632
 423  631
 423  630
 422  629
 422  628
 422  627
 421  626
 420  625
 419  624
 418  624
 417  623
 416  622
 415  621
 415  620
 414  619
 413  618
 412  617
 411  616
 411  615
 410  614
 410  613
 410  612
 409  611
 409  610
 409  609
 409  608
 408  607
 408  606
 408  605
 408  604
 408  603
 407  602
 408  601
 408  600
 408  599
 408  598
 409  597
 409  596
 410  596
 411  595
 411  594
 411  593
 411  592
 411  591
 412  590
 413  590
 414  591
 415  591
 416  592
 416  593
 417  594
 418  595
 418  596
 418  597
 419  598
 419  599
 420  600
 421  601
 422  602
 423  602
 424  601
 424  600
 424  599
 424  598
 424  597
 424  596
 424  595
 424  594
 424  593
 423  592
 422  591
 421  590
 421  589
 420  588
 420  587
 420  586
 420  585
 421  584
 422  584
 423  583
 424  582
 424  581
 424  580
 424  579
 424  578
 424  577
 424  576
 424  575
 423  574
 423  573
 423  572
 423  571
 422  570
 421  569
 420  568
 419  567
 418  566
 418  565
 417  564
 417  563
 417  562
 417  561
 417  560
 417  559
 417  558
 417  557
 417  556
 417  555
 417  554
 417  553
 417  552
 417  551
 417  550
 417  549
 417  548
 418  548
 419  549
 419  550
 420  551
 421  552
 421  553
 422  554
 423  555
 423  556
 424  557
 424  558
 425  559
 426  560
 427  560
 428  561
 429  561
 430  561
 431  561
 432  562
 432  563
 432  564
 432  565
 433  566
 434  566
 435  566
 436  566
 437  567
 438  566
 439  565
 440  565
 441  566
 441  567
 442  568
 442  569
 442  570
 443  571
 444  572
 445  573
 446  574
 447  575
 448  575
 449  575
 450  575
 451  575
 452  575
 453  574
 454  573
 455  572
 455  571
 455  570
 455  569
 456  568
 457  567
 457  566
 456  565
 455  565
 455  564
 455  563
 455  562
 456  561
 456  560
 457  559
 458  558
 458  557
 458  556
 458  555
 457  554
 456  554
 455  554
 455  553
 455  552
 454  551
 454  550
 453  549
 453  548
 453  547
 453  546
 453  545
 452  544
 451  543
 450  543
 449  543
 449  542
 449  541
 449  540
 448  539
 447  539
 447  538
 447  537
 447  536
 446  535
 445  534
 445  533
 444  532
 444  531
 444  530
 443  529
 443  528
 442  527
 441  528
 440  529
 439  529
 438  529
 437  528
 436  528
 435  527
 435  526
 434  525
 434  524
 433  523
 432  522
 431  522
 430  521
 429  520
 428  519
 428  518
 427  517
 426  516
 425  516
 424  515
 423  515
 422  515
 421  515
 420  515
 419  515
 418  515
 417  515
 416  516
 415  516
 414  516
 413  516
 412  516
 411  515
 410  515
 409  514
 409  513
 408  512
 407  511
 406  511
 405  510
 405  509
 404  508
 403  508
 402  507
 401  507
 401  506
 402  505
 402  504
 401  503
 400  502
 399  501
 398  501
 397  500
 396  500
 395  500
 394  499
 393  498
 392  498
 391  497
 390  496
 389  496
 388  495
 387  495
 386  494
 385  494
 384  494
 383  493
 383  492
 382  491
 381  490
 381  489
 381  488
 381  487
 381  486
 381  485
