   x    y
 462  105
 463  104
 463  103
 463  102
 464  101
 465  100
 465   99
 465   98
 466   97
 466   96
 466   95
 467   94
 467   93
 467   92
 468   92
 469   91
 470   91
 471   90
 472   89
 473   88
 473   87
 473   86
 473   85
 473   84
 473   83
 473   82
 473   81
 473   80
 473   79
 473   78
 473   77
 472   76
 472   75
 472   74
 472   73
 472   72
 472   71
 473   70
 473   69
 474   68
 474   67
 475   67
 476   67
 477   67
 478   67
 479   67
 480   68
 481   68
 482   69
 482   70
 482   71
 482   72
 482   73
 482   74
 482   75
 482   76
 481   77
 481   78
 481   79
 481   80
 481   81
 481   82
 481   83
 481   84
 481   85
 481   86
 481   87
 481   88
 480   89
 480   90
 480   91
 480   92
 479   93
 479   94
 479   95
 478   96
 478   97
 477   98
 476   99
 475  100
 474  101
 474  102
 474  103
 474  104
 474  105
 474  106
 474  107
 474  108
 474  109
 473  110
 473  111
 472  112
 471  112
 470  112
 469  112
 468  112
 467  112
 466  111
 465  111
 464  110
 463  109
 463  108
 462  107
 462  106
 462  105
 459  335
 459  334
 459  333
 459  332
 491  287
 492  288
 493  288
 493  289
 494  290
 493  290
 492  290
 491  291
 491  292
 492  293
 493  294
 494  295
 495  295
 496  295
 497  295
 498  294
 499  293
 500  292
 501  291
 500  290
 500  289
 500  288
 500  287
 500  286
 501  286
 502  285
 503  285
 504  284
 505  283
 505  282
 506  281
 507  281
 508  281
 509  282
 510  283
 511  283
 512  284
 513  284
 514  285
 515  286
 516  287
 517  288
 517  289
 517  290
 517  291
 518  292
 518  293
 518  294
 519  295
 519  296
 520  297
 520  298
 520  299
 521  300
 521  301
 521  302
 521  303
 521  304
 521  305
 521  306
 521  307
 521  308
 521  309
 521  310
 521  311
 521  312
 521  313
 521  314
 521  315
 521  316
 521  317
 520  317
 519  318
 519  319
 519  320
 518  321
 518  322
 518  323
 518  324
 517  325
 518  326
 519  327
 519  328
 519  329
 518  330
 518  331
 517  332
 516  333
 516  334
 515  335
 514  335
 513  336
 512  336
 511  336
 510  336
 509  336
 508  336
 507  335
 507  334
 506  333
 506  332
 506  331
 506  330
 506  329
 506  328
 506  327
 506  326
 506  325
 506  324
 506  323
 506  322
 506  321
 507  320
 507  319
 507  318
 507  317
 508  316
 508  315
 507  314
 506  313
 505  313
 504  312
 503  311
 502  311
 501  311
 500  311
 499  311
 498  311
 497  311
 496  310
 495  310
 494  309
 493  309
 492  308
 491  308
 490  307
 489  306
 488  305
 487  305
 486  305
 485  305
 484  305
 483  305
 482  305
 482  304
 481  303
 480  302
 479  301
 478  301
 478  300
 477  299
 476  298
 476  297
 476  296
 476  295
 476  294
 476  293
 476  292
 476  291
 476  290
 476  289
 475  288
 475  287
 475  286
 475  285
 474  284
 473  283
 472  284
 471  285
 471  286
 470  287
 470  288
 470  289
 469  290
 469  291
 469  292
 469  293
 469  294
 469  295
 469  296
 469  297
 469  298
 469  299
 469  300
 469  301
 469  302
 469  303
 469  304
 469  305
 469  306
 468  306
 467  307
 467  308
 466  307
 465  307
 464  307
 463  307
 462  307
 462  306
 461  305
 460  306
 460  307
 460  308
 461  309
 461  310
 461  311
 461  312
 461  313
 461  314
 461  315
 461  316
 461  317
 461  318
 461  319
 462  320
 462  321
 461  322
 461  323
 460  323
 459  323
 458  322
 457  321
 457  320
 457  319
 457  318
 457  317
 457  316
 457  315
 457  314
 457  313
 457  312
 457  311
 457  310
 457  309
 457  308
 457  307
 456  306
 456  305
 456  304
 456  303
 456  302
 456  301
 456  300
 456  299
 455  298
 455  297
 455  296
 455  295
 455  294
 454  293
 454  292
 453  291
 452  290
 452  289
 452  288
 452  287
 453  286
 454  286
 455  287
 456  288
 457  289
 458  288
 459  287
 459  286
 459  285
 459  284
 459  283
 459  282
 459  281
 458  280
 458  279
 458  278
 458  277
 457  276
 457  275
 456  274
 456  273
 455  272
 454  271
 453  270
 453  269
 452  268
 452  267
 451  266
 450  265
 450  264
 450  263
 450  262
 449  261
 449  260
 449  259
 449  258
 449  257
 449  256
 449  255
 449  254
 576  455
 575  455
 574  455
 573  455
 572  455
 571  454
 571  453
 571  452
 570  451
 570  450
 569  449
 568  449
 567  450
 566  451
 565  452
 564  453
 563  454
 562  455
 562  456
 562  457
 562  458
 561  459
 561  460
 562  461
 562  462
 563  463
 564  464
 565  465
 565  466
 566  467
 567  467
 568  468
 568  469
 568  470
 569  471
 569  472
 569  473
 570  474
 570  475
 571  476
 571  477
 570  478
 570  479
 570  480
 569  481
 568  482
 567  482
 566  482
 565  482
 564  482
 563  483
 562  484
 562  485
 561  486
 561  487
 562  488
 563  489
 563  490
 563  491
 563  492
 564  493
 564  494
 565  495
 566  496
 567  497
 567  498
 567  499
 567  500
 566  501
 565  502
 564  503
 563  504
 563  505
 563  506
 563  507
 562  507
 561  507
 560  508
 559  507
 558  507
 557  506
 557  505
 556  504
 556  503
 556  502
 556  501
 556  500
 556  499
 556  498
 556  497
 556  496
 556  495
 556  494
 556  493
 556  492
 556  491
 555  490
 555  489
 554  488
 553  487
 552  486
 551  485
 551  484
 550  483
 550  482
 549  481
 548  481
 547  480
 546  480
 545  480
 544  480
 543  480
 542  480
 541  481
 540  482
 539  482
 538  483
 537  483
 536  483
 535  484
 534  484
 533  483
 534  482
 534  481
 533  480
 533  479
 533  478
 534  477
 534  476
 535  476
 536  475
 537  474
 537  473
 537  472
 537  471
 538  470
 539  469
 540  468
 540  467
 540  466
 540  465
 540  464
 539  463
 538  462
 537  462
 536  462
 535  462
 534  462
 533  462
 532  462
 531  462
 530  462
 529  462
 528  462
 527  462
 526  462
 525  462
 524  461
 524  460
 523  459
 523  458
 522  457
 522  456
 522  455
 522  454
 523  453
 523  452
 523  451
 523  450
 523  449
 523  448
 522  447
 521  446
 520  446
 519  445
 518  445
 517  445
 516  445
 515  446
 514  447
 513  448
 512  449
 512  450
 511  451
 511  452
 510  453
 509  454
 508  455
 507  456
 506  457
 506  458
 506  459
 506  460
 506  461
 506  462
 506  463
 507  464
 508  464
 508  465
 508  466
 509  467
 509  468
 509  469
 509  470
 509  471
 509  472
 509  473
 509  474
 509  475
 509  476
 509  477
 510  478
 511  478
 511  479
 512  480
 512  481
 513  482
 513  483
 514  484
 515  485
 516  486
 517  486
 517  487
 517  488
 517  489
 517  490
 517  491
 517  492
 516  491
 516  490
 515  489
 514  489
 513  490
 512  491
 512  492
 512  493
 512  494
 511  495
 511  496
 510  497
 509  498
 509  499
 509  500
 509  501
 509  502
 509  503
 509  504
 509  505
 508  506
 507  507
 507  508
 507  509
 507  510
 507  511
 507  512
 507  513
 508  514
 508  515
 509  516
 509  517
 510  518
 510  519
 509  520
 508  521
 507  521
 506  521
 505  522
 504  522
 503  523
 502  523
 501  523
 500  523
 499  523
 498  524
 498  525
 498  526
 497  527
 497  528
 497  529
 497  530
 497  531
 497  532
 497  533
 497  534
 497  535
 497  536
 497  537
 497  538
 497  539
 497  540
 497  541
 496  540
 496  539
 495  538
 495  537
 495  536
 495  535
 495  534
 495  533
 495  532
 495  531
 496  530
 496  529
 496  528
 496  527
 496  526
 496  525
 496  524
 496  523
 496  522
 496  521
 496  520
 496  519
 496  518
 496  517
 496  516
 495  515
 495  514
 495  513
 494  512
 493  511
 492  510
 491  509
 490  508
 489  507
 488  507
 487  506
 486  506
 485  506
 484  506
 483  505
 482  505
 481  505
 480  504
 479  504
 478  504
 477  504
 476  504
 475  504
 474  504
 473  504
 473  503
 472  502
 471  501
 470  500
 469  499
 468  498
 468  497
 467  496
 466  495
 465  495
 464  495
 463  495
 462  495
 461  495
 460  495
 459  495
 458  495
 457  495
 456  495
 455  495
 454  495
 453  495
 452  495
 451  495
 450  495
 449  495
 448  495
 447  495
 446  495
 445  495
 444  495
