   x    y
 444  495
 445  494
 446  494
 447  493
 448  492
 449  491
 450  490
 451  489
 451  488
 451  487
 451  486
 451  485
 451  484
 451  483
 450  482
 450  481
 450  480
 450  479
 450  478
 450  477
 450  476
 450  475
 450  474
 451  473
 451  472
 451  471
 451  470
 452  469
 452  468
 452  467
 452  466
 452  465
 453  464
 453  463
 454  462
 454  461
 454  460
 455  459
 456  458
 457  457
 458  456
 459  456
 460  455
 460  454
 461  453
 462  452
 463  452
 464  452
 465  451
 466  450
 467  449
 468  450
 469  450
 470  451
 471  452
 472  453
 473  454
 473  455
 473  456
 474  457
 475  457
 476  457
 477  457
 478  457
 479  457
 480  457
 481  457
 482  456
 482  455
 483  454
 483  453
 483  452
 483  451
 484  450
 484  449
 484  448
 484  447
 484  446
 483  445
 483  444
 483  443
 482  442
 481  441
 480  440
 479  439
 478  438
 477  437
 476  436
 475  435
 474  435
 473  434
 472  434
 471  433
 470  432
 470  431
 470  430
 470  429
 470  428
 470  427
 470  426
 470  425
 470  424
 470  423
 470  422
 470  421
 471  420
 471  419
 471  418
 472  417
 473  416
 474  416
 475  416
 476  416
 477  415
 477  414
 477  413
 478  412
 479  412
 480  413
 481  414
 482  415
 483  416
 484  416
 485  416
 486  415
 486  414
 486  413
 486  412
 486  411
 487  410
 487  409
 488  408
 489  407
 489  406
 490  406
 491  405
 492  405
 493  405
 494  404
 494  403
 494  402
 494  401
 494  400
 494  399
 494  398
 493  397
 492  396
 492  395
 492  394
 492  393
 492  392
 493  391
 494  390
 494  389
 495  388
 496  387
 496  386
 496  385
 497  384
 497  383
 497  382
 497  381
 497  380
 497  379
 497  378
 497  377
 498  376
 498  375
 498  374
 499  373
 499  372
 500  371
 500  370
 500  369
 501  370
 502  369
 502  368
 503  367
 503  366
 504  366
 505  365
 505  364
 506  363
 507  363
 508  363
 509  363
 510  363
 511  363
 512  362
 512  361
 512  360
 512  359
 511  358
 510  357
 510  356
 510  355
 510  354
 510  353
 510  352
 510  351
 511  350
 511  349
 511  348
 512  347
 513  346
 514  345
 515  344
 516  344
 517  344
 518  344
 519  344
 520  344
 521  344
 522  344
 523  344
 524  344
 525  344
 526  344
 527  345
 528  345
 529  345
 530  345
 531  345
 532  345
 533  346
 533  347
 534  348
 535  349
 536  350
 536  351
 536  352
 536  353
 536  354
 537  355
 537  356
 537  357
 538  358
 538  359
 538  360
 539  361
 539  362
 539  363
 540  364
 540  365
 540  366
 541  367
 542  368
 543  369
 543  370
 543  371
 543  372
 544  373
 544  374
 544  375
 545  376
 545  377
 545  378
 545  379
 545  380
 546  381
 546  382
 546  383
 547  384
 548  385
 548  386
 549  387
 549  388
 549  389
 549  390
 548  389
 547  390
 546  389
 545  388
 544  387
 543  386
 542  385
 541  384
 540  384
 539  384
 538  383
 537  383
 536  382
 535  382
 534  381
 533  381
 532  381
 531  382
 530  383
 529  384
 529  385
 529  386
 528  386
 527  386
 526  386
 525  386
 524  386
 523  387
 522  387
 521  388
 520  388
 519  388
 518  389
 517  390
 517  391
 516  392
 516  393
 516  394
 516  395
 517  396
 518  396
 519  396
 520  396
 521  396
 522  396
 523  395
 523  394
 523  393
 523  392
 524  391
 524  390
 524  389
 525  388
 526  388
 527  388
 527  389
 528  390
 529  390
 530  390
 530  391
 531  392
 531  393
 531  394
 531  395
 532  396
 532  397
 533  398
 534  399
 535  400
 535  401
 536  402
 537  402
 538  403
 539  403
 540  404
 541  404
 542  405
 543  406
 544  407
 545  406
 546  407
 547  407
 548  406
 549  407
 550  407
 551  407
 552  408
 552  409
 553  410
 554  411
 554  412
 555  413
 556  414
 556  415
 557  416
 557  417
 558  418
 558  419
 559  420
 560  421
 560  422
 561  423
 562  424
 563  425
 564  426
 565  427
 566  428
 566  429
 566  430
 567  431
 567  432
 568  433
 569  434
 569  435
 570  436
 570  437
 571  438
 571  439
 572  440
 573  440
 574  440
 575  441
 575  442
 576  443
 576  444
 576  445
 577  446
 577  447
 578  448
 578  449
 578  450
 578  451
 578  452
 578  453
 578  454
 577  455
 576  455
 575  455
 574  455
 573  455
 572  455
 571  454
 571  453
 571  452
 570  451
 570  450
 569  449
 568  449
 567  450
 566  451
 565  452
 564  453
 563  454
 562  455
 562  456
 562  457
 562  458
 561  459
 561  460
 562  461
 562  462
 563  463
 564  464
 565  465
 565  466
 566  467
 567  467
 568  468
 568  469
 568  470
 569  471
 569  472
 569  473
 570  474
 570  475
 571  476
 571  477
 570  478
 570  479
 570  480
 569  481
 568  482
 567  482
 566  482
 565  482
 564  482
 563  483
 562  484
 562  485
 561  486
 561  487
 562  488
 563  489
 563  490
 563  491
 563  492
 564  493
 564  494
 565  495
 566  496
 567  497
 567  498
 567  499
 567  500
 566  501
 565  502
 564  503
 563  504
 563  505
 563  506
 563  507
 562  507
 561  507
 560  508
 559  507
 558  507
 557  506
 557  505
 556  504
 556  503
 556  502
 556  501
 556  500
 556  499
 556  498
 556  497
 556  496
 556  495
 556  494
 556  493
 556  492
 556  491
 555  490
 555  489
 554  488
 553  487
 552  486
 551  485
 551  484
 550  483
 550  482
 549  481
 548  481
 547  480
 546  480
 545  480
 544  480
 543  480
 542  480
 541  481
 540  482
 539  482
 538  483
 537  483
 536  483
 535  484
 534  484
 533  483
 534  482
 534  481
 533  480
 533  479
 533  478
 534  477
 534  476
 535  476
 536  475
 537  474
 537  473
 537  472
 537  471
 538  470
 539  469
 540  468
 540  467
 540  466
 540  465
 540  464
 539  463
 538  462
 537  462
 536  462
 535  462
 534  462
 533  462
 532  462
 531  462
 530  462
 529  462
 528  462
 527  462
 526  462
 525  462
 524  461
 524  460
 523  459
 523  458
 522  457
 522  456
 522  455
 522  454
 523  453
 523  452
 523  451
 523  450
 523  449
 523  448
 522  447
 521  446
 520  446
 519  445
 518  445
 517  445
 516  445
 515  446
 514  447
 513  448
 512  449
 512  450
 511  451
 511  452
 510  453
 509  454
 508  455
 507  456
 506  457
 506  458
 506  459
 506  460
 506  461
 506  462
 506  463
 507  464
 508  464
 508  465
 508  466
 509  467
 509  468
 509  469
 509  470
 509  471
 509  472
 509  473
 509  474
 509  475
 509  476
 509  477
 510  478
 511  478
 511  479
 512  480
 512  481
 513  482
 513  483
 514  484
 515  485
 516  486
 517  486
 517  487
 517  488
 517  489
 517  490
 517  491
 517  492
 516  491
 516  490
 515  489
 514  489
 513  490
 512  491
 512  492
 512  493
 512  494
 511  495
 511  496
 510  497
 509  498
 509  499
 509  500
 509  501
 509  502
 509  503
 509  504
 509  505
 508  506
 507  507
 507  508
 507  509
 507  510
 507  511
 507  512
 507  513
 508  514
 508  515
 509  516
 509  517
 510  518
 510  519
 509  520
 508  521
 507  521
 506  521
 505  522
 504  522
 503  523
 502  523
 501  523
 500  523
 499  523
 498  524
 498  525
 498  526
 497  527
 497  528
 497  529
 497  530
 497  531
 497  532
 497  533
 497  534
 497  535
 497  536
 497  537
 497  538
 497  539
 497  540
 497  541
 496  540
 496  539
 495  538
 495  537
 495  536
 495  535
 495  534
 495  533
 495  532
 495  531
 496  530
 496  529
 496  528
 496  527
 496  526
 496  525
 496  524
 496  523
 496  522
 496  521
 496  520
 496  519
 496  518
 496  517
 496  516
 495  515
 495  514
 495  513
 494  512
 493  511
 492  510
 491  509
 490  508
 489  507
 488  507
 487  506
 486  506
 485  506
 484  506
 483  505
 482  505
 481  505
 480  504
 479  504
 478  504
 477  504
 476  504
 475  504
 474  504
 473  504
 473  503
 472  502
 471  501
 470  500
 469  499
 468  498
 468  497
 467  496
 466  495
 465  495
 464  495
 463  495
 462  495
 461  495
 460  495
 459  495
 458  495
 457  495
 456  495
 455  495
 454  495
 453  495
 452  495
 451  495
 450  495
 449  495
 448  495
 447  495
 446  495
 445  495
 444  495
