   x    y
 265   64
 266   63
 266   62
 266   61
 267   60
 267   59
 268   58
 269   57
 269   56
 270   55
 271   55
 272   54
 272   53
 271   52
 270   51
 269   50
 269   49
 269   48
 270   48
 271   48
 272   48
 273   48
 274   48
 274   49
 275   50
 276   49
 277   49
 278   48
 279   47
 280   46
 280   45
 281   46
 282   46
 283   45
 283   44
 284   44
 285   44
 285   45
 286   46
 286   47
 286   48
 286   49
 285   50
 285   51
 285   52
 285   53
 285   54
 286   55
 286   56
 286   57
 287   58
 287   59
 287   60
 288   61
 288   62
 289   63
 289   64
 290   65
 290   66
 291   67
 292   68
 292   69
 292   70
 292   71
 291   72
 291   73
 290   74
 289   75
 289   76
 289   77
 290   78
 290   79
 291   80
 292   80
 293   81
 294   82
 294   83
 294   84
 295   85
 294   86
 293   87
 292   87
 291   87
 290   86
 289   86
 288   85
 287   85
 286   84
 285   84
 284   83
 283   82
 282   82
 281   82
 280   82
 279   82
 278   82
 277   81
 276   81
 275   81
 274   80
 273   80
 273   79
 272   78
 273   77
 272   76
 271   75
 270   74
 269   73
 268   73
 267   72
 266   72
 265   71
 265   70
 265   69
 265   68
 265   67
 265   66
 265   65
 265   64
 463  466
 463  467
 464  468
 464  469
 464  470
 465  471
 465  472
 465  473
 466  474
 466  475
 466  476
 466  477
 466  478
 466  479
 467  480
 468  481
 469  482
 469  483
 470  484
 470  485
 471  486
 471  487
 471  488
 471  489
 472  490
 472  491
 473  492
 473  493
 473  494
 473  495
 473  496
 473  497
 473  498
 472  499
 472  500
 471  501
 471  502
 471  503
 471  504
 471  505
 470  506
 470  507
 470  508
 470  509
 470  510
 469  511
 469  512
 468  513
 467  514
 466  515
 465  516
 465  517
 465  518
 465  519
 465  520
 465  521
 465  522
 465  523
 465  524
 466  525
 466  526
 466  527
 467  528
 468  528
 469  528
 470  527
 471  527
 472  527
 473  526
 474  525
 474  524
 475  523
 475  522
 476  521
 477  520
 477  519
 477  518
 478  517
 479  516
 480  515
 481  516
 482  517
 482  518
 482  519
 482  520
 482  521
 483  522
 483  523
 483  524
 482  525
 482  526
 481  527
 480  528
 480  529
 479  529
 478  530
 477  530
 476  531
 475  531
 474  532
 473  533
 472  533
 471  534
 470  535
 469  535
 468  535
 467  535
 466  536
 467  537
 467  538
 467  539
 467  540
 468  541
 469  542
 469  543
 470  544
 471  545
 471  546
 471  547
 470  548
 470  549
 469  549
 468  549
 467  549
 466  549
 465  550
 464  550
 463  550
 462  551
 461  552
 461  553
 460  554
 459  555
 458  556
 457  557
 456  558
 455  559
 454  560
 453  561
 452  562
 451  563
 450  564
 449  564
 448  564
 447  565
 446  566
 445  566
 444  566
 443  567
 442  567
 442  566
 443  565
 444  564
 444  563
 445  562
 445  561
 446  560
 447  560
 448  560
 449  560
 450  559
 451  558
 452  557
 453  557
 454  556
 455  555
 455  554
 456  553
 457  552
 458  552
 459  551
 460  550
 460  549
 460  548
 460  547
 460  546
 460  545
 459  544
 458  543
 458  542
 458  541
 458  540
 458  539
 458  538
 458  537
 458  536
 458  535
 458  534
 457  533
 457  532
 457  531
 456  530
 456  529
 456  528
 456  527
 456  526
 456  525
 456  524
 456  523
 455  522
 455  521
 455  520
 454  519
 454  518
 454  517
 454  516
 453  515
 452  515
 451  516
 450  516
 449  516
 448  515
 448  514
 448  513
 448  512
 448  511
 448  510
 449  509
 449  508
 449  507
 449  506
 449  505
 450  504
 450  503
 451  502
 451  501
 452  500
 453  499
 454  498
 455  498
 456  497
 457  496
 458  495
 459  494
 459  493
 460  492
 460  491
 460  490
 460  489
 460  488
 461  487
 461  486
 461  485
 461  484
 461  483
 461  482
 461  481
 462  481
 463  480
 463  479
 462  478
 462  477
 462  476
 461  475
 461  474
 461  473
 461  472
 461  471
 460  470
 459  470
 458  470
 457  470
 456  470
 455  470
 454  470
 453  470
 452  471
 451  471
 450  472
 450  473
 449  473
 448  474
 447  475
 446  475
 445  476
 445  477
 445  478
 445  479
 446  480
 446  481
 447  482
 447  483
 447  484
 447  485
 448  486
 448  487
 449  488
 450  488
 451  489
 451  490
 452  491
 452  492
 451  493
 450  493
 449  493
 448  493
 447  493
 446  493
 445  492
 444  491
 443  490
 442  489
 441  488
 441  487
 440  486
 440  485
 439  484
 438  484
 437  483
 437  482
 436  481
 435  480
 435  479
 434  478
 433  477
 432  476
 431  475
 430  475
 429  475
 428  475
 427  475
 426  475
 425  476
 424  476
 423  477
 422  477
 421  476
 420  477
 419  477
 419  476
 419  475
 419  474
 501  594
 502  593
 503  592
 503  591
 504  590
 505  589
 506  588
 507  587
 508  586
 509  585
 509  584
 509  583
 509  582
 508  581
 508  580
 507  579
 507  578
 507  577
 506  576
 505  576
 505  575
 505  574
 504  573
 504  572
 503  571
 502  570
 501  570
 500  571
 500  572
 500  573
 500  574
 499  575
 499  576
 499  577
 499  578
 498  578
 497  577
 496  576
 496  575
 495  574
 495  573
 495  572
 495  571
 494  570
 494  569
 494  568
 493  567
 493  566
 493  565
 492  564
 491  564
 490  564
 489  565
 488  566
 488  567
 488  568
 488  569
 488  570
 488  571
 488  572
 488  573
 488  574
 488  575
 487  576
 487  577
 486  578
 485  579
 484  580
 483  581
 482  582
 482  583
 481  584
 480  585
 479  585
 478  585
 477  586
 476  586
 475  587
 475  588
 474  589
 473  590
 472  590
 471  591
 471  592
 470  593
 469  594
 468  594
 467  594
 466  594
 465  594
 464  594
 463  594
 463  593
 463  592
 463  591
 463  590
 463  589
 463  588
 478  399
 478  398
 478  397
 478  396
 478  395
 478  394
 479  393
 480  393
 481  393
 482  393
 483  393
 484  392
 484  391
 485  390
 485  389
 485  388
 485  387
 485  386
 485  385
 485  384
 485  383
 485  382
 484  381
 483  380
 483  379
 482  378
 481  378
 480  378
 479  377
 478  377
 477  377
 478  377
 479  377
 480  377
 481  377
 482  377
 483  377
 484  377
 485  377
 486  377
 487  376
 487  375
 488  374
 488  373
 488  372
 488  371
 488  370
 489  369
 489  368
 489  367
 489  366
 489  365
 489  364
 489  363
 488  362
 487  361
 486  361
 485  361
 484  361
 484  360
 484  359
 483  358
 482  357
 481  356
 480  356
 479  356
 478  356
 477  356
 476  355
 476  354
 475  353
 474  353
 473  354
 472  354
 471  355
 470  355
 469  356
 468  356
 467  356
 467  355
 467  354
 467  353
 468  352
 468  351
 468  350
 467  349
 466  348
 465  347
 464  347
 463  347
 462  347
 462  346
 462  345
 461  344
 460  344
 459  343
 458  343
 457  343
 456  342
 455  342
 454  342
 454  341
 454  340
