   x    y
 241  274
 242  273
 243  273
 244  274
 245  274
 246  275
 247  276
 248  277
 249  277
 249  278
 250  279
 251  280
 252  280
 253  281
 254  282
 255  283
 256  283
 256  284
 257  285
 258  285
 259  285
 260  285
 261  284
 261  283
 262  282
 263  281
 263  280
 263  279
 263  278
 264  277
 264  276
 264  275
 264  274
 264  273
 264  272
 263  271
 263  270
 263  269
 263  268
 263  267
 263  266
 264  265
 264  264
 264  263
 264  262
 264  261
 265  260
 265  259
 266  259
 267  258
 268  258
 269  257
 270  256
 270  255
 271  254
 272  253
 273  252
 274  253
 274  254
 274  255
 273  256
 272  257
 272  258
 271  259
 271  260
 270  261
 270  262
 270  263
 270  264
 270  265
 269  266
 269  267
 269  268
 268  269
 269  270
 269  271
 270  272
 271  272
 272  272
 273  271
 274  270
 274  269
 274  268
 275  267
 275  266
 276  265
 276  264
 277  263
 278  262
 279  261
 279  260
 279  259
 280  258
 280  257
 281  256
 281  255
 282  255
 283  254
 284  254
 285  254
 286  254
 287  254
 288  253
 289  252
 289  251
 290  250
 291  249
 291  248
 292  247
 293  246
 293  245
 293  244
 293  243
 293  242
 292  241
 292  240
 291  239
 291  238
 291  237
 291  236
 291  235
 291  234
 291  233
 291  232
 291  231
 291  230
 292  229
 292  228
 292  227
 293  226
 293  225
 294  224
 294  223
 294  222
 294  221
 294  220
 294  219
 294  218
 294  217
 294  216
 294  215
 294  214
 295  213
 295  212
 295  211
 296  210
 296  209
 297  208
 297  207
 298  206
 299  205
 300  204
 301  203
 302  202
 303  201
 304  200
 305  199
 306  199
 307  198
 308  197
 309  197
 310  197
 311  197
 312  197
 313  197
 314  197
 315  197
 316  198
 316  199
 317  200
 318  200
 319  200
 320  201
 321  202
 322  203
 322  204
 323  205
 324  206
 325  207
 326  208
 326  209
 327  210
 328  211
 328  212
 329  213
 329  214
 330  215
 330  216
 331  217
 332  218
 333  219
 334  219
 335  219
 336  220
 337  220
 338  220
 338  221
 338  222
 338  223
 338  224
 337  225
 337  226
 337  227
 336  228
 335  229
 334  230
 334  231
 334  232
 335  233
 335  234
 335  235
 336  236
 337  236
 338  235
 339  235
 340  234
 341  233
 342  232
 343  231
 344  230
 345  230
 346  229
 347  229
 348  228
 349  228
 350  228
 351  228
 352  228
 352  229
 352  230
 352  231
 352  232
 352  233
 352  234
 352  235
 351  236
 351  237
 351  238
 351  239
 351  240
 350  241
 349  242
 348  242
 347  243
 346  244
 346  245
 345  246
 344  247
 344  248
 344  249
 344  250
 344  251
 344  252
 343  252
 342  253
 341  254
 340  255
 340  256
 339  257
 339  258
 338  259
 338  260
 337  261
 336  262
 335  262
 334  262
 333  263
 332  263
 331  262
 330  262
 329  261
 328  260
 328  259
 327  258
 327  257
 327  256
 326  255
 325  254
 324  254
 324  253
 323  252
 322  252
 321  253
 320  253
 319  253
 318  254
 317  254
 316  255
 315  255
 314  256
 313  257
 312  258
 311  259
 310  259
 309  260
 308  260
 307  260
 306  259
 305  260
 304  260
 303  260
 302  261
 301  261
 300  262
 299  262
 298  262
 297  262
 296  263
 296  264
 296  265
 296  266
 296  267
 296  268
 296  269
 296  270
 296  271
 296  272
 296  273
 295  274
 295  275
 294  276
 293  277
 292  278
 291  278
 290  279
 289  280
 288  281
 288  282
 289  283
 289  284
 289  285
 290  286
 290  287
 290  288
 290  289
 289  290
 289  291
 288  291
 287  291
 286  291
 285  290
 284  289
 283  288
 282  287
 282  286
 281  285
 280  284
 280  283
 279  282
 278  282
 277  283
 276  284
 275  285
 275  286
 274  287
 273  287
 272  288
 271  288
 270  289
 269  289
 268  290
 267  290
 266  291
 265  292
 265  293
 265  294
 264  295
 264  296
 263  297
 262  298
 261  299
 261  300
 261  301
 261  302
 261  301
 260  300
 260  299
 259  298
 258  297
 257  296
 256  295
 255  294
 255  293
 254  292
 254  291
 253  290
 252  289
 251  288
 250  288
 249  287
 248  287
 247  287
 246  286
 246  285
 245  284
 244  283
 244  282
 243  281
 243  280
 242  279
 242  278
 242  277
 241  276
 241  275
 241  274
 301  438
 300  438
 299  438
 298  438
 297  439
 296  440
 295  441
 294  442
 293  442
 293  441
 293  440
 293  439
 293  438
 293  437
 294  437
 295  437
 296  436
 297  436
 298  436
 299  435
 300  435
 301  434
 302  434
 303  433
 304  433
 305  432
 305  431
 306  430
 307  429
 307  428
 308  428
 309  427
 310  426
 311  425
 312  424
 312  423
 313  422
 313  421
 314  420
 314  419
 314  418
 314  417
 314  416
 313  415
 313  414
 313  413
 313  412
 313  411
 313  410
 313  409
 313  408
 313  407
 313  406
 313  405
 313  404
 313  403
 312  402
 311  401
 310  401
 309  401
 308  400
 307  399
 307  398
 307  397
 307  396
 307  395
 307  394
 308  393
 309  392
 310  392
 311  392
 312  393
 313  393
 314  394
 315  394
 316  394
 317  394
 318  393
 319  393
 320  393
 321  393
 322  392
 323  393
 324  392
 325  391
 326  391
 327  390
 328  389
 327  388
 326  387
 325  387
 324  386
 323  386
 322  385
 322  384
 322  383
 322  382
 322  381
 322  380
 322  379
 322  378
 322  377
 322  376
 322  375
 322  374
 322  373
 322  372
 323  371
 323  370
 324  369
 325  368
 326  368
 327  368
 328  369
 329  369
 330  370
 331  370
 332  371
 333  371
 334  372
 335  372
 336  372
 337  372
 338  371
 337  370
 337  369
 336  368
 335  367
 334  366
 334  365
 335  364
 335  363
 336  362
 337  363
 338  364
 339  364
 340  365
 341  366
 342  367
 343  367
 344  367
 345  367
 346  368
 347  368
 348  367
 349  366
 349  367
 350  368
 350  369
 350  370
 350  371
 350  372
 350  373
 350  374
 351  375
 351  376
 351  377
 351  378
 351  379
 351  380
 351  381
 351  382
 351  383
 352  384
 353  384
 354  383
 355  383
 356  382
 357  381
 358  380
 359  380
 360  380
 361  379
 362  379
 363  379
 364  379
 365  379
 365  380
 366  381
 367  382
 368  383
 369  383
 370  382
 371  383
 372  384
 372  385
 372  386
 372  387
 371  388
 370  389
 369  390
 368  390
 367  390
 366  390
 365  389
 364  389
 363  388
 362  387
 361  387
 361  386
 360  385
 359  384
 358  384
 357  384
 356  384
 355  384
 354  385
 354  386
 354  387
 354  388
 353  389
 353  390
 353  391
 352  391
 351  392
 350  392
 349  392
 348  392
 347  393
 347  394
 347  395
 347  396
 347  397
 347  398
 347  399
 347  400
 347  401
 348  402
 349  403
 350  404
 351  405
 352  405
 353  405
 354  404
 355  403
 355  402
 355  401
 356  401
 357  401
 358  401
 359  402
 360  403
 361  404
 360  405
 359  405
 358  405
 357  406
 357  407
 357  408
 357  409
 357  410
 357  411
 356  412
 357  413
 357  414
 357  415
 357  416
 357  417
 357  418
 358  419
 358  420
 357  421
 356  422
 355  423
 355  424
 355  425
 354  426
 353  427
 353  428
 353  429
 352  430
 351  431
 351  432
 350  433
 349  434
 348  434
 347  435
 346  435
 345  436
 344  437
 343  438
 342  438
 341  439
 340  439
 339  440
 338  440
 337  441
 336  441
 335  442
 334  443
 333  443
 332  444
 331  444
 330  444
 329  444
 328  444
 327  444
 326  444
 325  444
 324  445
 323  446
 323  447
 323  448
 323  449
 323  450
 323  451
 324  452
 325  451
 326  451
 327  451
 328  451
 329  451
 330  452
 331  452
 332  451
 333  451
 334  451
 335  452
 336  452
 336  453
 337  454
 338  455
 338  456
 338  457
 338  458
 338  459
 338  460
 338  461
 338  462
 337  463
 337  464
 337  465
 336  466
 335  467
 335  468
 335  469
 334  469
 333  470
 332  470
 331  470
 330  471
 329  471
 328  471
 327  471
 326  472
 326  473
 325  472
 324  472
 323  472
 322  473
 323  474
 324  475
 324  476
 325  477
 326  478
 327  479
 328  480
 329  481
 330  481
 331  482
 332  483
 333  484
 334  485
 335  486
 336  487
 337  487
 338  488
 339  488
 340  488
 341  488
 342  488
 343  488
 344  488
 345  488
 346  489
 347  489
 348  489
 349  489
 350  489
 351  489
 352  489
 353  489
 354  489
 355  489
 356  490
 357  490
 358  490
 359  490
 360  490
 361  490
 362  490
 363  490
 364  490
 365  490
 366  490
 367  490
 368  489
 369  489
 370  489
 371  489
 372  490
 373  490
 374  491
 374  492
 374  493
 374  494
 373  494
 372  495
 371  495
 370  496
 369  496
 368  496
 367  497
 366  497
 365  497
 364  498
 363  499
 362  500
 361  501
 360  501
 359  502
 358  502
 357  502
 356  503
 355  503
 354  504
 353  505
 352  506
 352  507
 353  508
 354  508
 355  509
 356  509
 356  510
 356  511
 355  512
 354  513
 353  514
 352  515
 351  516
 350  517
 349  518
 348  519
 347  519
 346  520
 346  521
 345  522
 344  523
 343  523
 342  524
 341  524
 340  524
 339  525
 338  525
 337  526
 336  526
 335  526
 334  527
 333  527
 332  527
 331  528
 330  529
 329  530
 328  531
 327  532
 326  533
 325  533
 324  533
 323  534
 322  534
 321  533
 320  533
 319  533
 318  533
 317  533
 316  533
 315  533
 314  534
 313  534
 312  534
 311  534
 310  534
 309  534
 308  534
 307  534
 306  533
 305  532
 304  531
 303  531
 302  531
 301  531
 300  531
 299  531
 298  531
 297  531
 297  530
 296  529
 295  529
 294  528
 293  528
 292  528
 291  528
 290  528
 289  528
 288  527
 287  526
 286  526
 285  525
 284  525
 283  524
 283  523
 282  522
 281  521
 281  520
 280  519
 279  518
 278  518
 277  517
 276  516
 275  515
 274  516
 274  517
 273  517
 272  517
 271  516
 270  515
 269  515
 269  514
 268  513
 268  512
 268  511
 267  510
 266  509
 265  508
 264  508
 263  509
 263  510
 262  511
 261  512
 261  513
 261  514
 261  515
 261  516
 261  517
 261  518
 260  519
 260  520
 260  521
 260  522
 260  523
 259  524
 258  525
 257  526
 256  526
 255  526
 254  526
 253  526
 252  526
 251  526
 250  526
 249  526
 249  525
 248  524
 247  523
 247  522
 247  521
 247  520
 247  519
 247  518
 247  517
 247  516
 248  515
 248  514
 248  513
 248  512
 248  511
 248  510
 248  509
 247  508
 246  507
 246  506
 245  505
 244  504
 244  503
 243  502
 243  501
 243  500
 243  499
 243  498
 243  497
 243  496
 243  495
 243  494
 244  493
 244  492
 244  491
 243  490
 243  489
 243  488
 242  487
 242  486
 242  485
 242  484
 242  483
 241  482
 240  481
 239  480
 239  479
 238  478
 238  477
 238  476
 238  475
 238  474
 237  473
 419  639
 418  639
 417  640
 417  641
 417  642
 417  643
 417  644
 417  645
 417  646
 417  647
 416  647
 415  647
 414  648
 413  648
 412  647
 411  647
 410  647
 409  648
 408  649
 408  650
 408  651
 409  652
 410  653
 411  653
 412  654
 413  654
 414  655
 415  655
 416  655
 417  655
 418  655
 419  655
 420  655
 421  655
 422  656
 423  657
 424  658
 425  658
 425  659
 425  660
 425  661
 424  662
 423  663
 422  663
 421  663
 420  663
 419  662
 418  661
 417  660
 416  661
 415  660
 414  660
 413  660
 412  661
 412  662
 411  663
 410  664
 409  665
 408  665
 407  665
 406  665
 405  665
 404  664
 403  664
 402  664
 401  663
 400  662
 399  662
 398  661
 397  661
 396  661
 395  662
 394  663
 393  663
 392  664
 391  664
 390  665
 389  666
 388  667
 388  668
 387  669
 387  670
 387  671
 387  672
 387  673
 386  674
 385  673
 384  673
 383  673
 382  673
 381  673
 380  674
 380  675
 380  676
 380  677
 379  678
 378  679
 378  680
 377  681
 376  680
 376  679
 375  678
 374  678
 374  677
 374  676
 374  675
 374  674
 374  673
 374  672
 375  671
 375  670
 376  669
 376  668
 377  667
 377  666
 378  665
 378  664
 379  663
 378  662
 378  661
 377  660
 377  659
 377  658
 377  657
 376  656
 375  656
 374  656
 373  655
 372  655
 371  655
 370  655
 369  655
 369  654
 369  653
 370  652
 370  651
 371  651
 372  650
 373  649
 374  649
 375  648
 375  647
 376  646
 376  645
 376  644
 376  643
 376  642
 376  641
 375  640
 374  639
 373  638
 372  638
 371  638
 370  638
 369  638
 368  638
 367  638
 366  638
 365  639
 364  639
 363  639
 362  639
 361  639
 360  639
 359  639
 358  639
 357  639
 356  640
 355  640
 354  641
 353  642
 352  643
 351  644
 350  644
 349  645
 349  646
 348  646
 347  647
 347  648
 346  649
 345  650
 344  651
 343  652
 342  653
 341  654
 340  655
 339  656
 339  657
 339  658
 340  659
 341  659
 342  659
 343  659
 344  660
 344  661
 343  661
 342  662
 341  662
 340  663
 339  664
 338  665
 337  665
 336  665
 335  666
 335  667
 335  668
 335  669
 334  670
 334  671
 333  672
 333  673
 332  674
 331  675
 330  676
 329  677
 328  678
 327  678
 326  679
 326  680
 325  681
 324  682
 323  682
 322  683
 321  683
 320  683
 319  684
 318  684
 317  685
 316  686
 316  687
 316  688
 315  689
 315  690
 314  691
 314  692
 313  693
 313  694
 313  695
 313  696
 312  697
 311  698
 310  699
 309  700
 309  701
 309  702
 309  703
 309  704
 308  705
 308  706
 308  707
 308  708
 308  709
 308  710
 307  710
 306  710
 305  710
 304  710
 303  710
 302  710
 301  710
 300  710
 299  709
 298  708
 297  707
 296  706
 295  705
 295  704
 295  703
 295  702
 295  701
 295  700
 295  699
 295  698
 295  697
 295  696
 295  695
 296  694
 295  693
 295  692
 295  691
 294  690
 293  689
 293  688
 293  687
 293  686
 293  685
 293  684
 294  683
 295  682
 295  681
 295  680
 296  680
 297  680
 298  679
 298  678
 298  677
 298  676
 298  675
 297  674
 296  674
 295  674
 294  673
 293  672
 292  672
 291  672
 290  672
 289  672
 289  671
 289  670
 289  669
 289  668
 289  667
 290  666
 290  665
 291  664
 291  663
 291  662
 292  661
 292  660
 292  659
 292  658
 292  657
 293  656
 293  655
 292  654
 292  653
 292  652
 292  651
 292  650
 292  649
 292  648
 292  647
 293  646
 293  645
 293  644
 294  643
 294  642
 294  641
 294  640
 294  639
 294  638
 294  637
 294  636
 294  635
 295  634
 295  633
 295  632
 295  631
 295  630
 296  629
 296  628
 296  627
 296  626
 297  625
 297  624
 297  623
 297  622
 297  621
 298  620
 298  619
 298  618
 298  617
 298  616
 298  615
 298  614
 298  613
 298  612
 299  611
 299  610
 299  609
 299  608
 299  607
 299  606
 299  605
 299  604
 300  603
 301  602
 301  601
 301  600
 301  599
 301  598
 301  597
 301  596
 301  595
 301  594
 302  593
 302  592
 302  591
 302  590
 302  589
 301  588
 300  587
 299  586
 299  585
 298  584
 297  583
 297  582
 296  581
 296  580
 295  579
 295  578
 295  577
 295  576
 295  575
 295  574
 295  573
 295  572
 295  571
 296  570
 296  569
 295  568
 295  567
 295  566
 295  565
 294  564
 294  563
 293  562
 292  561
 291  561
 290  560
 289  560
 288  560
 287  560
 286  560
 285  560
 284  560
 283  560
 282  560
 281  560
 280  560
 279  560
 278  560
 277  560
 276  560
 275  560
 274  560
 273  560
 272  560
 271  560
 270  559
 270  558
 270  557
 270  556
 691  435
 690  436
 689  436
 688  437
 687  437
 686  437
 685  438
 684  438
 683  438
 682  439
 681  439
 680  440
 679  440
 678  441
 677  441
 676  442
 675  442
 674  442
 673  442
 672  443
 671  444
 670  445
 669  445
 668  445
 667  446
 666  446
 665  447
 664  447
 663  448
 663  449
 663  450
 663  451
 663  452
 663  453
 664  454
 665  454
 666  454
 667  454
 668  454
 669  454
 670  454
 671  454
 672  454
 673  455
 673  456
 674  457
 674  458
 674  459
 674  460
 674  461
 674  462
 675  463
 675  464
 676  465
 677  465
 678  465
 679  466
 680  466
 681  466
 682  465
 683  465
 684  465
 685  465
 686  465
 687  464
 687  463
 687  462
 687  461
 688  460
 689  459
 690  459
 691  458
 692  458
 693  457
 694  456
 695  456
 696  456
 697  456
 698  457
 699  457
 700  457
 700  458
 701  459
 701  460
 701  461
 702  462
 703  462
 704  462
 705  462
 706  463
 707  463
 708  463
 708  464
 707  464
 706  464
 705  465
 706  466
 707  467
 708  467
 707  467
 706  467
 705  467
 704  468
 703  468
 702  468
 701  469
 700  469
 699  469
 698  469
 697  468
 696  468
 695  467
 694  467
 693  466
 692  466
 691  466
 690  466
 689  466
 688  466
 687  466
 686  466
 685  466
 684  466
 683  466
 682  466
 681  466
 680  466
 679  467
 678  467
 677  467
 676  467
 675  467
 674  467
 673  467
 672  467
 671  467
 670  468
 669  468
 668  469
 667  469
 666  470
 666  471
 665  471
 664  471
 663  471
 662  471
 661  471
 660  471
 659  471
 658  471
 657  471
 656  471
 655  471
 654  471
 653  471
 652  472
 651  472
 650  473
 649  473
 648  474
 647  474
 646  475
 645  475
 644  475
 643  475
 642  475
 641  475
 640  475
 639  475
 638  475
 637  476
 637  477
 637  478
 637  479
 637  480
 637  481
 636  482
 635  482
 634  483
 634  484
 634  485
 634  486
 634  487
 634  488
 634  489
 634  490
 634  491
 634  492
 634  493
 634  494
 634  495
 634  496
 634  497
 635  498
 636  499
 636  500
 636  501
 636  502
 636  503
 635  503
 634  504
 634  505
 634  506
 634  507
 634  508
 633  509
 633  510
 633  511
 633  512
 632  513
 631  514
 630  514
 629  513
 629  512
 628  511
 628  510
 627  509
 627  508
 626  507
 626  506
 625  505
 625  504
 624  503
 623  502
 622  502
 621  502
 620  503
 619  503
 618  503
 617  503
 616  502
 615  502
 614  502
 613  502
 612  501
 611  501
 610  500
 609  500
 608  499
 607  498
 606  497
 606  496
 606  495
 606  494
 606  493
 605  492
 604  491
 603  490
 602  489
 601  488
 600  487
 599  486
 598  485
 597  484
 596  483
 595  482
 594  481
 593  480
 592  480
 591  479
 590  478
 589  477
 588  476
 587  475
 586  475
 585  474
 584  474
 583  474
 582  474
 581  475
 580  475
 579  476
 578  477
 577  478
 576  479
 575  480
 575  481
 574  482
 573  483
 573  484
 572  485
 571  486
 570  487
 569  488
 569  489
 568  490
 567  491
 566  492
 565  492
 564  492
 563  492
 562  492
 561  492
 560  492
 559  492
 558  492
 557  491
 556  491
 555  490
 554  490
 553  490
 552  490
 551  490
 550  490
 549  490
 548  490
 547  490
 546  489
 545  489
 544  489
 543  489
 542  489
 541  489
 540  489
 539  489
 538  489
 537  489
 536  488
 535  488
 534  488
 533  487
 532  487
 531  486
 530  486
 529  486
 528  486
 527  486
 526  486
 525  486
 524  486
 523  486
 522  486
 521  486
 520  486
 519  487
 518  486
 517  486
 516  487
 515  488
 514  489
 513  490
 513  491
 512  492
 512  493
 512  494
 512  495
 512  496
 512  497
 512  498
 512  499
 511  500
 510  500
 509  500
 508  501
 508  502
 507  503
 506  504
 505  505
 504  505
 503  506
 502  506
 501  506
 500  506
 499  507
 498  507
 497  508
 496  509
 495  509
 494  510
 494  511
 493  511
 492  511
 491  512
 490  513
 489  514
 489  515
 488  516
 487  516
 486  517
 485  518
 484  519
 484  520
 484  521
 483  522
 483  523
 483  524
 482  525
 482  526
 482  527
 481  528
 480  528
 479  527
 478  526
 477  525
 477  524
 477  523
 476  522
 475  521
 475  520
 475  519
 474  518
 473  517
 472  516
 471  516
 470  516
 469  515
 469  514
 469  513
 469  512
 469  511
 469  510
 469  509
 583  581
 582  581
 581  581
 580  581
 579  580
 578  580
 577  580
 576  580
 575  580
 574  580
 573  580
 572  580
 571  580
 570  580
 569  581
 568  582
 567  582
 566  582
 565  582
 564  583
 563  583
 562  583
 561  584
 560  585
 560  586
 559  587
 558  588
 557  589
 556  590
 556  591
 555  592
 555  593
 554  593
 553  593
 552  593
 551  593
 550  594
 551  595
 551  596
 551  597
 550  598
 549  599
 549  600
 549  601
 550  602
 550  603
 550  604
 550  605
 550  606
 550  607
 550  608
 550  609
 550  610
 550  611
 551  612
 551  613
 551  614
 551  615
 552  616
 552  617
 552  618
 553  619
 553  620
 553  621
 553  622
 553  623
 553  624
 553  625
 553  626
 553  627
 553  628
 553  629
 553  630
 553  631
 553  632
 553  633
 553  634
 553  635
 552  636
 551  637
 551  638
 552  639
 553  640
 552  641
 553  642
 553  643
 553  644
 553  645
 552  646
 552  647
 552  648
 551  649
 551  650
 550  651
 549  652
 548  653
 547  654
 546  655
 545  656
 545  657
 544  657
 543  658
 542  659
 542  660
 541  660
 540  661
 539  662
 538  662
 537  662
 536  662
 535  662
 534  662
 533  662
 532  663
 531  664
 530  665
 529  665
 528  665
 527  666
 526  666
 525  666
 524  667
 523  667
 522  668
 521  668
 520  669
 519  669
 518  669
 517  669
 516  670
 515  670
 514  671
 513  671
 512  672
 511  672
 510  673
 509  673
 508  673
 507  673
 506  673
 505  673
 504  672
 503  672
 502  672
 501  672
 500  671
 500  670
 500  669
 499  668
 499  667
 498  666
 498  665
 497  664
 496  664
 495  664
 494  664
 493  664
 492  664
 491  664
 490  664
 489  664
 488  664
 487  664
 486  664
 485  664
 484  664
 483  664
 482  664
 481  664
 480  664
 479  665
 478  665
 477  666
 476  666
 475  667
 474  667
 473  668
 472  668
 471  669
 470  669
 469  670
 468  670
 467  670
 466  670
 465  670
 464  670
 463  670
 462  670
 461  670
 460  670
 459  669
 459  668
 460  667
 461  666
 462  665
 463  664
 463  663
 464  662
 465  661
 465  660
 466  659
 467  658
 468  657
 469  656
 470  655
 470  654
 471  654
 472  653
 473  652
 474  652
 475  651
 476  651
 477  651
 478  651
 479  651
 480  651
 481  651
 482  651
 483  651
 484  652
 485  652
 486  653
 487  653
 488  653
 489  654
 490  655
 491  655
 492  655
 493  655
 494  655
 495  655
 496  655
 497  655
 498  655
 499  655
 500  654
 501  653
 502  652
 503  651
 504  650
 504  649
 504  648
 504  647
 504  646
 505  645
 506  644
 507  643
 508  642
 509  641
 509  640
 510  639
 510  638
 509  637
 509  636
 509  635
 508  634
 508  633
 508  632
 507  631
 506  630
 505  629
 504  628
 503  627
 502  627
 501  626
 500  626
 499  626
 498  625
 497  625
 496  624
 495  623
 494  622
 493  622
 492  622
 491  621
 490  620
 490  619
 490  618
 490  617
 489  616
 489  615
 488  614
 488  613
 487  612
 486  612
 485  612
 484  612
 483  612
 483  611
 482  610
 482  609
 482  608
 482  607
 482  606
 483  605
 484  604
 484  603
 484  602
 484  601
 483  600
 483  599
 482  598
 482  597
 482  596
 482  595
 481  594
 481  593
 480  592
 479  592
 478  592
 477  593
 476  594
 475  594
 474  595
 473  595
 472  595
 471  595
 470  596
 469  596
 468  596
 467  596
 466  596
 465  595
 464  594
 463  594
 462  594
 461  595
 460  595
 459  596
 458  597
 458  598
 457  599
 457  600
 457  601
 457  602
 457  603
 457  604
 457  605
 457  606
 457  607
 457  608
 457  609
 457  610
 457  611
 457  612
 457  613
 457  614
 457  615
 457  616
 457  617
 457  618
 456  619
 456  620
 456  621
 456  622
 456  623
 456  624
 456  625
 455  626
 455  627
 455  628
 455  629
 455  630
 456  631
 456  632
 456  633
 456  634
 455  635
 454  636
 453  637
 452  638
 451  639
 451  640
 450  641
 449  642
 448  643
 447  644
 447  645
 446  646
 446  647
 446  648
 446  649
 446  650
 445  651
 445  652
 445  653
 445  654
 445  655
 445  656
 444  657
 444  658
 444  659
 445  660
 446  661
 447  661
 448  662
 449  663
 450  664
 451  665
 452  666
 452  667
 453  668
 453  669
 454  670
 454  671
 454  672
 454  673
 455  674
 456  675
 456  676
 456  677
 456  678
 456  679
 456  680
 456  681
 456  682
 457  683
 458  683
 458  684
 459  685
 458  686
 458  687
 458  688
 458  689
 458  690
 457  689
 456  689
 455  690
 456  691
 456  692
 457  693
 458  694
 458  695
 458  696
 459  697
 459  698
 459  699
 460  700
 461  700
 462  701
 463  702
 464  703
 465  703
 466  703
 467  703
 468  703
 469  703
 470  703
 471  703
 472  703
 473  703
 474  704
 475  704
 476  705
 477  706
 477  707
 478  708
 478  709
 478  710
 479  711
 479  712
 480  713
 480  714
 480  715
 480  716
 480  717
 479  717
 478  717
 477  716
 477  715
 476  714
 476  713
 476  712
 475  711
 474  710
 473  710
 472  709
 471  708
 470  708
 469  708
 468  708
 467  708
 466  708
 465  708
 464  708
 463  708
 462  708
 461  708
 460  708
 459  708
 458  708
 457  708
 456  707
 455  706
 454  706
 453  706
 452  706
 451  706
 450  706
 449  707
 449  708
 449  709
 448  710
 447  711
 447  712
 446  713
 446  714
 447  715
 447  716
 446  717
 447  718
 447  719
 448  720
 448  721
 449  722
 449  723
 449  724
 449  725
 448  726
 447  725
 446  725
 445  724
 445  723
 444  722
 444  721
 443  720
 443  719
 442  718
 442  717
 441  716
 440  715
 439  715
 438  715
 437  716
 437  717
 436  718
 436  719
 436  720
 436  721
 436  722
 435  722
 434  722
 433  723
 432  722
 432  721
 431  720
 430  720
 429  721
 428  722
 427  723
 426  724
 425  725
 424  726
 423  726
 422  727
 421  727
 420  728
 419  729
 418  729
 417  729
 416  729
 417  728
 417  727
 418  726
 418  725
 419  724
 420  723
 420  722
 421  721
 422  720
 422  719
 422  718
 422  717
 422  716
 422  715
 422  714
 423  713
 423  712
 424  711
 424  710
 424  709
 423  708
 422  707
 421  706
 421  705
 420  704
 419  703
 419  702
 418  701
 418  700
 418  699
 417  698
 416  697
 416  696
 416  695
 415  694
 414  693
 413  692
 412  691
 411  690
 410  689
 409  688
 409  687
 409  686
 408  685
 407  685
 406  685
 405  685
 405  684
 405  683
 404  682
 403  682
 402  681
 401  681
 400  681
 399  681
 398  680
 397  679
 397  678
 397  677
 398  676
 399  675
 400  675
 401  674
 402  674
 403  674
 404  674
 405  675
 406  676
 407  677
 408  676
 409  676
 410  675
 411  674
 412  674
 413  673
 414  672
 415  671
 415  670
 415  669
 416  668
 417  667
 417  666
 417  665
 418  664
 419  663
 418  662
 419  661
 420  660
 421  659
 422  658
 423  657
 423  656
 424  655
 425  654
 426  653
 427  652
 428  652
 429  651
 430  650
 429  649
 429  648
 430  648
 431  648
 432  648
 433  647
 432  646
 431  645
 430  645
 429  644
 428  644
 428  643
 427  642
 426  641
 426  640
 425  639
 425  638
 424  637
 424  636
 424  635
 424  634
 423  633
 423  632
 423  631
 423  630
 422  629
 422  628
 422  627
 421  626
 420  625
 419  624
 418  624
 417  623
 416  622
 415  621
 415  620
 414  619
 413  618
 412  617
 411  616
 411  615
 410  614
 410  613
 410  612
 409  611
 409  610
 409  609
 409  608
 408  607
 408  606
 408  605
 408  604
 408  603
 407  602
 408  601
 408  600
 408  599
 408  598
 409  597
 409  596
 410  596
 411  595
 411  594
 411  593
 411  592
 411  591
 412  590
 413  590
 414  591
 415  591
 416  592
 416  593
 417  594
 418  595
 418  596
 418  597
 419  598
 419  599
 420  600
 421  601
 422  602
 423  602
 424  601
 424  600
 424  599
 424  598
 424  597
 424  596
 424  595
 424  594
 424  593
 423  592
 422  591
 421  590
 421  589
 420  588
 420  587
 420  586
 420  585
 421  584
 422  584
 423  583
 424  582
 424  581
 424  580
 424  579
 424  578
 424  577
 424  576
 424  575
 423  574
 423  573
 423  572
 423  571
 422  570
 421  569
 420  568
 419  567
 418  566
 418  565
 417  564
 417  563
 417  562
 417  561
 417  560
 417  559
 417  558
 417  557
 417  556
 417  555
 417  554
 417  553
 417  552
 417  551
 417  550
 417  549
 417  548
 418  548
 419  549
 419  550
 420  551
 421  552
 421  553
 422  554
 423  555
 423  556
 424  557
 424  558
 425  559
 426  560
 427  560
 428  561
 429  561
 430  561
 431  561
 432  562
 432  563
 432  564
 432  565
 433  566
 434  566
 435  566
 436  566
 437  567
 438  566
 439  565
 440  565
 441  566
 441  567
 442  568
 442  569
 442  570
 443  571
 444  572
 445  573
 446  574
 447  575
 448  575
 449  575
 450  575
 451  575
 452  575
 453  574
 454  573
 455  572
 455  571
 455  570
 455  569
 456  568
 457  567
 457  566
 456  565
 455  565
 455  564
 455  563
 455  562
 456  561
 456  560
 457  559
 458  558
 458  557
 458  556
 458  555
 457  554
 456  554
 455  554
 455  553
 455  552
 454  551
 454  550
 453  549
 453  548
 453  547
 453  546
 453  545
 452  544
 451  543
 450  543
 449  543
 449  542
 449  541
 449  540
 448  539
 447  539
 447  538
 447  537
 447  536
 446  535
 445  534
 445  533
 444  532
 444  531
 444  530
 443  529
 443  528
 442  527
 441  528
 440  529
 439  529
 438  529
 437  528
 436  528
 435  527
 435  526
 434  525
 434  524
 433  523
 432  522
 431  522
 430  521
 429  520
 428  519
 428  518
 427  517
 426  516
 425  516
 424  515
 423  515
 422  515
 421  515
 420  515
 419  515
 418  515
 417  515
 416  516
 415  516
 414  516
 413  516
 412  516
 411  515
 410  515
 409  514
 409  513
 408  512
 407  511
 406  511
 405  510
 405  509
 404  508
 403  508
 402  507
 401  507
 401  506
 402  505
 402  504
 401  503
 400  502
 399  501
 398  501
 397  500
 396  500
 395  500
 394  499
 393  498
 392  498
 391  497
 390  496
 389  496
 388  495
 387  495
 386  494
 385  494
 384  494
 383  493
 383  492
 382  491
 381  490
 381  489
 381  488
 381  487
 381  486
 381  485
