   x    y
  96  425
  97  424
  97  423
  98  422
  99  421
 100  420
 101  419
 102  418
 103  417
 104  416
 105  416
 106  415
 107  414
 108  414
 109  413
 110  413
 111  412
 112  412
 113  411
 114  410
 115  410
 116  409
 117  409
 118  409
 119  409
 120  409
 121  409
 122  409
 123  409
 124  409
 125  409
 126  410
 127  410
 128  411
 129  412
 130  413
 131  414
 132  414
 133  415
 133  416
 134  417
 135  417
 136  418
 137  419
 137  420
 138  421
 139  422
 140  423
 140  424
 140  425
 141  426
 142  426
 143  427
 144  427
 145  427
 146  427
 147  427
 148  427
 149  427
 150  427
 151  427
 152  428
 153  428
 154  428
 155  428
 156  429
 157  429
 158  430
 158  431
 159  432
 160  433
 161  433
 162  433
 163  433
 164  433
 165  433
 166  432
 167  431
 167  430
 166  429
 165  428
 164  427
 163  426
 162  425
 161  425
 160  424
 159  424
 158  424
 157  423
 156  422
 156  421
 155  420
 154  419
 154  418
 153  417
 152  416
 151  415
 150  414
 149  414
 148  413
 147  413
 146  412
 145  411
 144  410
 143  409
 143  408
 142  407
 141  406
 140  405
 140  404
 139  403
 138  402
 138  401
 138  400
 137  399
 137  398
 136  397
 136  396
 135  395
 134  394
 133  393
 132  392
 131  391
 131  390
 130  389
 130  388
 129  387
 129  386
 129  385
 129  384
 129  383
 129  382
 129  381
 130  380
 130  379
 130  378
 131  377
 132  376
 133  376
 134  376
 135  376
 136  376
 137  376
 138  376
 138  377
 139  378
 140  378
 141  378
 142  378
 143  379
 144  379
 145  379
 146  379
 147  379
 148  379
 149  379
 150  379
 151  379
 152  380
 153  380
 154  380
 155  380
 156  381
 157  381
 158  381
 159  382
 160  382
 161  382
 162  383
 163  383
 164  384
 165  385
 166  386
 166  387
 167  388
 167  389
 168  390
 169  391
 170  392
 171  393
 172  393
 173  392
 174  392
 175  393
 176  393
 177  393
 178  394
 178  395
 178  396
 178  397
 178  398
 179  399
 179  400
 180  401
 180  402
 181  403
 182  404
 183  404
 184  405
 185  406
 186  406
 187  406
 188  406
 189  406
 190  407
 191  407
 192  407
 192  408
 192  409
 192  410
 191  410
 190  410
 189  410
 188  410
 187  409
 186  409
 185  409
 184  410
 184  411
 184  412
 184  413
 185  414
 185  415
 185  416
 186  417
 187  418
 187  419
 188  420
 189  421
 190  422
 191  423
 192  424
 193  424
 194  424
 195  424
 196  425
 197  426
 198  427
 199  428
 200  429
 201  430
 202  430
 203  430
 204  430
 205  431
 206  432
 207  433
 207  434
 208  435
 209  435
 209  436
 210  437
 210  438
 211  439
 212  440
 213  441
 213  442
 214  443
 215  443
 216  443
 217  443
 218  443
 219  442
 220  442
 221  441
 222  440
 223  440
 224  440
 225  440
 226  441
 227  441
 228  441
 229  442
 229  443
 229  444
 229  445
 229  446
 230  447
 230  448
 230  449
 230  450
 231  451
 231  452
 231  453
 231  454
 231  455
 230  456
 230  457
 229  458
 229  459
 228  460
 228  461
 227  462
 227  463
 226  464
 225  465
 224  466
 223  467
 223  468
 222  468
 221  469
 220  469
 219  470
 218  470
 217  471
 216  471
 215  471
 214  471
 213  471
 212  470
 211  470
 210  469
 209  469
 208  468
 207  467
 206  467
 205  466
 204  466
 203  465
 202  465
 201  465
 200  464
 199  464
 198  464
 197  463
 196  463
 195  463
 194  462
 193  462
 192  462
 191  461
 190  460
 189  459
 189  458
 188  457
 189  456
 188  455
 187  454
 186  453
 185  452
 184  452
 183  451
 182  450
 181  449
 180  449
 179  448
 178  448
 177  448
 176  447
 175  446
 174  445
 174  444
 173  443
 172  442
 171  441
 170  441
 169  441
 168  440
 167  440
 166  440
 165  440
 164  441
 163  442
 163  443
 162  444
 162  445
 161  445
 160  445
 159  445
 158  445
 157  445
 156  445
 155  444
 154  444
 153  443
 153  442
 152  441
 151  441
 150  440
 149  440
 148  440
 147  439
 146  439
 145  439
 144  438
 143  438
 142  438
 141  438
 140  438
 139  437
 138  437
 137  437
 136  437
 135  437
 134  436
 133  436
 132  436
 131  436
 130  436
 129  436
 128  436
 127  436
 126  436
 125  436
 124  436
 123  436
 122  436
 121  436
 120  435
 119  435
 118  435
 117  435
 116  434
 115  434
 114  434
 113  434
 112  434
 111  434
 110  433
 109  433
 108  433
 107  432
 106  432
 105  432
 104  431
 103  431
 102  431
 101  431
 100  431
  99  430
  98  429
  97  429
  97  428
  96  427
  96  426
  96  425
 582  488
 581  488
 580  488
 579  489
 579  490
 578  491
 577  491
 576  491
 575  491
 575  490
 574  489
 573  489
 572  489
 571  490
 570  491
 569  492
 568  493
 568  494
 567  495
 566  496
 565  497
 564  497
 563  497
 562  497
 561  498
 560  498
 559  498
 558  499
 557  499
 556  499
 555  499
 554  500
 553  501
 552  501
 551  502
 550  503
 549  503
 548  504
 547  505
 546  506
 545  507
 544  507
 543  508
 542  508
 541  508
 540  508
 540  507
 540  506
 694  650
 695  649
 696  649
 697  648
 698  647
 698  646
 699  646
 700  645
 701  645
 702  645
 703  644
 704  643
 705  643
 706  642
 706  641
 707  640
 708  639
 708  638
 708  637
 708  636
 708  635
 707  634
 706  634
 705  634
 704  635
 703  635
 702  635
 701  636
 700  636
 699  636
 698  637
 697  637
 696  638
 695  638
 694  639
 693  639
 692  640
 691  640
 690  640
 689  640
 688  640
 687  640
 686  640
 685  640
 684  641
 683  641
 682  641
 681  641
 680  641
 679  641
 678  641
 677  642
 676  642
 675  642
 674  643
 673  643
 672  644
 672  645
 671  646
 670  647
 670  648
 670  649
 670  650
 670  651
 670  652
 670  653
 670  654
 670  655
 670  656
 670  657
 670  658
 670  659
 670  660
 670  661
 671  662
 672  662
 673  662
 674  662
 675  661
 676  661
 677  660
 678  660
 679  661
 679  662
 678  663
 678  664
 678  665
 677  666
 676  667
 675  668
 674  669
 673  670
 672  670
 671  671
 670  671
 669  671
 668  672
 667  672
 666  672
 665  672
 664  672
 663  672
 662  672
 661  672
 660  672
 659  672
 658  672
 657  671
 656  671
 656  670
 656  669
 656  668
 655  667
 655  666
 655  665
 654  664
 653  663
 652  662
 652  661
 651  660
 650  660
 649  660
 648  660
 647  660
 646  660
 645  661
 644  662
 643  662
 642  663
 641  664
 640  665
 639  665
 638  666
 637  666
 636  667
 635  668
 634  669
 634  670
 633  671
 633  672
 632  673
 631  674
 630  675
 629  675
 628  676
 627  675
 626  675
 625  676
 624  675
 624  674
 624  673
 623  672
 623  671
 622  670
 621  670
 620  670
 619  670
 618  671
 617  672
 616  672
 615  673
 614  673
 613  674
 612  675
 612  676
 612  677
 611  678
 611  679
 610  680
 609  681
 609  682
 609  683
 608  684
 607  685
 607  686
 606  687
 606  688
 605  689
 605  690
 605  691
 604  691
 603  691
 602  691
 601  691
 600  691
 599  691
 598  691
 597  691
 596  691
 595  691
 594  691
 593  691
 592  691
 591  691
 590  691
 589  691
 588  691
 587  691
 586  691
 585  691
 584  691
 583  691
 582  691
 581  691
 580  691
 579  691
 578  690
 577  690
 576  689
 575  688
 574  688
 573  687
 573  686
 572  685
 572  684
 572  683
 572  682
 284  653
 284  652
 283  651
 282  650
 282  649
 282  648
 282  647
 282  646
 283  645
 283  644
 283  643
 282  642
 281  641
 280  640
 279  639
 278  639
 277  639
 276  638
 275  638
 275  637
 274  636
 274  635
 273  634
 272  633
 271  633
 270  632
 269  632
 268  632
 267  632
 266  632
 265  632
 264  632
 263  632
 262  632
 261  631
 260  631
 259  630
 258  629
 257  628
 257  627
 256  626
 255  626
 254  627
 253  628
 252  628
 251  629
 250  629
 249  629
 248  629
 247  629
 246  629
 245  629
 244  630
 243  630
 242  630
 241  630
 240  630
 239  630
 238  629
 237  629
 236  629
 235  629
 234  629
 233  629
 232  629
 231  629
 230  629
 229  629
 228  629
 227  629
 226  629
 225  629
 224  628
 223  628
 222  628
 221  628
 221  627
 221  626
 221  625
 221  624
 221  623
 401  604
 402  605
 403  604
 403  603
 404  602
 404  601
 405  600
 405  599
 406  598
 407  598
 408  598
 409  598
 410  599
 411  599
 412  600
 413  600
 414  600
 414  601
 414  602
 414  603
 414  604
 413  605
 413  606
 412  607
 412  608
 411  609
 411  610
 411  611
 411  612
 411  613
 411  614
 412  615
 413  616
 414  616
 415  617
 416  617
 417  617
 418  617
 419  618
 420  618
 421  619
 422  619
 423  620
 424  620
 425  620
 426  619
 427  620
 428  619
 429  618
 430  617
 431  616
 432  615
 433  615
 434  614
 435  613
 436  612
 437  611
 437  610
 437  609
 438  608
 438  607
 438  606
 438  605
 438  604
 438  603
 438  602
 438  601
 438  600
 438  599
 438  598
 438  597
 439  596
 440  596
 441  596
 442  595
 443  595
 444  594
 445  594
 446  594
 447  594
 448  594
 449  594
 450  594
 451  594
 452  594
 453  594
 454  595
 455  595
 456  596
 457  596
 458  596
 459  597
 460  598
 461  599
 462  600
 463  601
 464  601
 465  601
 466  601
 467  601
 468  601
 469  601
 470  602
 471  602
 472  603
 472  604
 473  605
 473  606
 474  607
 474  608
 473  609
 473  610
 473  611
 472  612
 472  613
 472  614
 471  615
 470  616
 470  617
 469  618
 469  619
 469  620
 469  621
 469  622
 469  623
 469  624
 469  625
 468  626
 468  627
 468  628
 468  629
 468  630
 468  631
 468  632
 468  633
 467  634
 467  635
 466  636
 465  637
 464  638
 463  639
 462  640
 461  640
 460  641
 460  642
 460  643
 460  644
 460  645
 460  646
 460  647
 460  648
 460  649
 459  649
 458  649
 457  649
 456  649
 455  649
 454  649
 453  649
 453  648
 453  647
 452  646
 451  645
 451  644
 450  643
 449  642
 448  641
 448  640
 447  639
 446  639
 445  640
 446  641
 446  642
 446  643
 446  644
 447  645
 447  646
 447  647
 447  648
 446  648
 445  648
 444  648
 443  648
 442  649
 441  650
 441  651
 441  652
 441  653
 442  654
 442  655
 442  656
 442  657
 442  658
 441  659
 441  660
 440  661
 439  662
 439  663
 438  663
 437  664
 436  664
 435  664
 435  663
 434  662
 433  661
 432  661
 431  660
 430  659
 430  658
 430  657
 430  656
 430  655
 431  654
 432  653
 432  652
 432  651
 432  650
 432  649
 432  648
 432  647
 431  646
 431  645
 431  644
 431  643
 430  642
 429  642
 428  641
 427  641
 426  641
 425  642
 424  643
 423  643
 423  642
 423  641
 422  640
 421  639
 420  639
 419  639
 418  639
 417  640
 417  641
 417  642
 417  643
 417  644
 417  645
 417  646
 417  647
 416  647
 415  647
 414  648
 413  648
 412  647
 411  647
 410  647
 409  648
 408  649
 408  650
 408  651
 409  652
 410  653
 411  653
 412  654
 413  654
 414  655
 415  655
 416  655
 417  655
 418  655
 419  655
 420  655
 421  655
 422  656
 423  657
 424  658
 425  658
 425  659
 425  660
 425  661
 424  662
 423  663
 422  663
 421  663
 420  663
 419  662
 418  661
 417  660
 416  661
 415  660
 414  660
 413  660
 412  661
 412  662
 411  663
 410  664
 409  665
 408  665
 407  665
 406  665
 405  665
 404  664
 403  664
 402  664
 401  663
 400  662
 399  662
 398  661
 397  661
 396  661
 395  662
 394  663
 393  663
 392  664
 391  664
 390  665
 389  666
 388  667
 388  668
 387  669
 387  670
 387  671
 387  672
 387  673
 386  674
 385  673
 384  673
 383  673
 382  673
 381  673
 380  674
 380  675
 380  676
 380  677
 379  678
 378  679
 378  680
 377  681
 376  680
 376  679
 375  678
 374  678
 374  677
 374  676
 374  675
 374  674
 374  673
 374  672
 375  671
 375  670
 376  669
 376  668
 377  667
 377  666
 378  665
 378  664
 379  663
 378  662
 378  661
 377  660
 377  659
 377  658
 377  657
 376  656
 375  656
 374  656
 373  655
 372  655
 371  655
 370  655
 369  655
 369  654
 369  653
 370  652
 370  651
 371  651
 372  650
 373  649
 374  649
 375  648
 375  647
 376  646
 376  645
 376  644
 376  643
 376  642
 376  641
 375  640
 374  639
 373  638
 372  638
 371  638
 370  638
 369  638
 368  638
 367  638
 366  638
 365  639
 364  639
 363  639
 362  639
 361  639
 360  639
 359  639
 358  639
 357  639
 356  640
 355  640
 354  641
 353  642
 352  643
 351  644
 350  644
 349  645
 349  646
 348  646
 347  647
 347  648
 346  649
 345  650
 344  651
 343  652
 342  653
 341  654
 340  655
 339  656
 339  657
 339  658
 340  659
 341  659
 342  659
 343  659
 344  660
 344  661
 343  661
 342  662
 341  662
 340  663
 339  664
 338  665
 337  665
 336  665
 335  666
 335  667
 335  668
 335  669
 334  670
 334  671
 333  672
 333  673
 332  674
 331  675
 330  676
 329  677
 328  678
 327  678
 326  679
 326  680
 325  681
 324  682
 323  682
 322  683
 321  683
 320  683
 319  684
 318  684
 317  685
 316  686
 316  687
 316  688
 315  689
 315  690
 314  691
 314  692
 313  693
 313  694
 313  695
 313  696
 312  697
 311  698
 310  699
 309  700
 309  701
 309  702
 309  703
 309  704
 308  705
 308  706
 308  707
 308  708
 308  709
 308  710
 307  710
 306  710
 305  710
 304  710
 303  710
 302  710
 301  710
 300  710
 299  709
 298  708
 297  707
 296  706
 295  705
 295  704
 295  703
 295  702
 295  701
 295  700
 295  699
 295  698
 295  697
 295  696
 295  695
 296  694
 295  693
 295  692
 295  691
 294  690
 293  689
 293  688
 293  687
 293  686
 293  685
 293  684
 294  683
 295  682
 295  681
 295  680
 296  680
 297  680
 298  679
 298  678
 298  677
 298  676
 298  675
 297  674
 296  674
 295  674
 294  673
 293  672
 292  672
 291  672
 290  672
 289  672
 289  671
 289  670
 289  669
 289  668
 289  667
 290  666
 290  665
 291  664
 291  663
 291  662
 292  661
 292  660
 292  659
 292  658
 292  657
 293  656
 293  655
 292  654
 292  653
 292  652
 292  651
 292  650
 292  649
 292  648
 292  647
 293  646
 293  645
 293  644
 294  643
 294  642
 294  641
 294  640
 294  639
 294  638
 294  637
 294  636
 294  635
 295  634
 295  633
 295  632
 295  631
 295  630
 296  629
 296  628
 296  627
 296  626
 297  625
 297  624
 297  623
 297  622
 297  621
 298  620
 298  619
 298  618
 298  617
 298  616
 298  615
 298  614
 298  613
 298  612
 299  611
 299  610
 299  609
 299  608
 299  607
 299  606
 299  605
 299  604
 300  603
 301  602
 301  601
 301  600
 301  599
 301  598
 301  597
 301  596
 301  595
 301  594
 302  593
 302  592
 302  591
 302  590
 302  589
 301  588
 300  587
 299  586
 299  585
 298  584
 297  583
 297  582
 296  581
 296  580
 295  579
 295  578
 295  577
 295  576
 295  575
 295  574
 295  573
 295  572
 295  571
 296  570
 296  569
 295  568
 295  567
 295  566
 295  565
 294  564
 294  563
 293  562
 292  561
 291  561
 290  560
 289  560
 288  560
 287  560
 286  560
 285  560
 284  560
 283  560
 282  560
 281  560
 280  560
 279  560
 278  560
 277  560
 276  560
 275  560
 274  560
 273  560
 272  560
 271  560
 270  559
 270  558
 270  557
 270  556
 691  435
 690  436
 689  436
 688  437
 687  437
 686  437
 685  438
 684  438
 683  438
 682  439
 681  439
 680  440
 679  440
 678  441
 677  441
 676  442
 675  442
 674  442
 673  442
 672  443
 671  444
 670  445
 669  445
 668  445
 667  446
 666  446
 665  447
 664  447
 663  448
 663  449
 663  450
 663  451
 663  452
 663  453
 664  454
 665  454
 666  454
 667  454
 668  454
 669  454
 670  454
 671  454
 672  454
 673  455
 673  456
 674  457
 674  458
 674  459
 674  460
 674  461
 674  462
 675  463
 675  464
 676  465
 677  465
 678  465
 679  466
 680  466
 681  466
 682  465
 683  465
 684  465
 685  465
 686  465
 687  464
 687  463
 687  462
 687  461
 688  460
 689  459
 690  459
 691  458
 692  458
 693  457
 694  456
 695  456
 696  456
 697  456
 698  457
 699  457
 700  457
 700  458
 701  459
 701  460
 701  461
 702  462
 703  462
 704  462
 705  462
 706  463
 707  463
 708  463
 708  464
 707  464
 706  464
 705  465
 706  466
 707  467
 708  467
 707  467
 706  467
 705  467
 704  468
 703  468
 702  468
 701  469
 700  469
 699  469
 698  469
 697  468
 696  468
 695  467
 694  467
 693  466
 692  466
 691  466
 690  466
 689  466
 688  466
 687  466
 686  466
 685  466
 684  466
 683  466
 682  466
 681  466
 680  466
 679  467
 678  467
 677  467
 676  467
 675  467
 674  467
 673  467
 672  467
 671  467
 670  468
 669  468
 668  469
 667  469
 666  470
 666  471
 665  471
 664  471
 663  471
 662  471
 661  471
 660  471
 659  471
 658  471
 657  471
 656  471
 655  471
 654  471
 653  471
 652  472
 651  472
 650  473
 649  473
 648  474
 647  474
 646  475
 645  475
 644  475
 643  475
 642  475
 641  475
 640  475
 639  475
 638  475
 637  476
 637  477
 637  478
 637  479
 637  480
 637  481
 636  482
 635  482
 634  483
 634  484
 634  485
 634  486
 634  487
 634  488
 634  489
 634  490
 634  491
 634  492
 634  493
 634  494
 634  495
 634  496
 634  497
 635  498
 636  499
 636  500
 636  501
 636  502
 636  503
 635  503
 634  504
 634  505
 634  506
 634  507
 634  508
 633  509
 633  510
 633  511
 633  512
 632  513
 631  514
 630  514
 629  513
 629  512
 628  511
 628  510
 627  509
 627  508
 626  507
 626  506
 625  505
 625  504
 624  503
 623  502
 622  502
 621  502
 620  503
 619  503
 618  503
 617  503
 616  502
 615  502
 614  502
 613  502
 612  501
 611  501
 610  500
 609  500
 608  499
 607  498
 606  497
 606  496
 606  495
 606  494
 606  493
 605  492
 604  491
 603  490
 602  489
 601  488
 600  487
 599  486
 598  485
 597  484
 596  483
 595  482
 594  481
 593  480
 592  480
 591  479
 590  478
 589  477
 588  476
 587  475
 586  475
 585  474
 584  474
 583  474
 582  474
 581  475
 580  475
 579  476
 578  477
 577  478
 576  479
 575  480
 575  481
 574  482
 573  483
 573  484
 572  485
 571  486
 570  487
 569  488
 569  489
 568  490
 567  491
 566  492
 565  492
 564  492
 563  492
 562  492
 561  492
 560  492
 559  492
 558  492
 557  491
 556  491
 555  490
 554  490
 553  490
 552  490
 551  490
 550  490
 549  490
 548  490
 547  490
 546  489
 545  489
 544  489
 543  489
 542  489
 541  489
 540  489
 539  489
 538  489
 537  489
 536  488
 535  488
 534  488
 533  487
 532  487
 531  486
 530  486
 529  486
 528  486
 527  486
 526  486
 525  486
 524  486
 523  486
 522  486
 521  486
 520  486
 519  487
 518  486
 517  486
 516  487
 515  488
 514  489
 513  490
 513  491
 512  492
 512  493
 512  494
 512  495
 512  496
 512  497
 512  498
 512  499
 511  500
 510  500
 509  500
 508  501
 508  502
 507  503
 506  504
 505  505
 504  505
 503  506
 502  506
 501  506
 500  506
 499  507
 498  507
 497  508
 496  509
 495  509
 494  510
 494  511
 493  511
 492  511
 491  512
 490  513
 489  514
 489  515
 488  516
 487  516
 486  517
 485  518
 484  519
 484  520
 484  521
 483  522
 483  523
 483  524
 482  525
 482  526
 482  527
 481  528
 480  528
 479  527
 478  526
 477  525
 477  524
 477  523
 476  522
 475  521
 475  520
 475  519
 474  518
 473  517
 472  516
 471  516
 470  516
 469  515
 469  514
 469  513
 469  512
 469  511
 469  510
 469  509
 583  581
 582  581
 581  581
 580  581
 579  580
 578  580
 577  580
 576  580
 575  580
 574  580
 573  580
 572  580
 571  580
 570  580
 569  581
 568  582
 567  582
 566  582
 565  582
 564  583
 563  583
 562  583
 561  584
 560  585
 560  586
 559  587
 558  588
 557  589
 556  590
 556  591
 555  592
 555  593
 554  593
 553  593
 552  593
 551  593
 550  594
 551  595
 551  596
 551  597
 550  598
 549  599
 549  600
 549  601
 550  602
 550  603
 550  604
 550  605
 550  606
 550  607
 550  608
 550  609
 550  610
 550  611
 551  612
 551  613
 551  614
 551  615
 552  616
 552  617
 552  618
 553  619
 553  620
 553  621
 553  622
 553  623
 553  624
 553  625
 553  626
 553  627
 553  628
 553  629
 553  630
 553  631
 553  632
 553  633
 553  634
 553  635
 552  636
 551  637
 551  638
 552  639
 553  640
 552  641
 553  642
 553  643
 553  644
 553  645
 552  646
 552  647
 552  648
 551  649
 551  650
 550  651
 549  652
 548  653
 547  654
 546  655
 545  656
 545  657
 544  657
 543  658
 542  659
 542  660
 541  660
 540  661
 539  662
 538  662
 537  662
 536  662
 535  662
 534  662
 533  662
 532  663
 531  664
 530  665
 529  665
 528  665
 527  666
 526  666
 525  666
 524  667
 523  667
 522  668
 521  668
 520  669
 519  669
 518  669
 517  669
 516  670
 515  670
 514  671
 513  671
 512  672
 511  672
 510  673
 509  673
 508  673
 507  673
 506  673
 505  673
 504  672
 503  672
 502  672
 501  672
 500  671
 500  670
 500  669
 499  668
 499  667
 498  666
 498  665
 497  664
 496  664
 495  664
 494  664
 493  664
 492  664
 491  664
 490  664
 489  664
 488  664
 487  664
 486  664
 485  664
 484  664
 483  664
 482  664
 481  664
 480  664
 479  665
 478  665
 477  666
 476  666
 475  667
 474  667
 473  668
 472  668
 471  669
 470  669
 469  670
 468  670
 467  670
 466  670
 465  670
 464  670
 463  670
 462  670
 461  670
 460  670
 459  669
 459  668
 460  667
 461  666
 462  665
 463  664
 463  663
 464  662
 465  661
 465  660
 466  659
 467  658
 468  657
 469  656
 470  655
 470  654
 471  654
 472  653
 473  652
 474  652
 475  651
 476  651
 477  651
 478  651
 479  651
 480  651
 481  651
 482  651
 483  651
 484  652
 485  652
 486  653
 487  653
 488  653
 489  654
 490  655
 491  655
 492  655
 493  655
 494  655
 495  655
 496  655
 497  655
 498  655
 499  655
 500  654
 501  653
 502  652
 503  651
 504  650
 504  649
 504  648
 504  647
 504  646
 505  645
 506  644
 507  643
 508  642
 509  641
 509  640
 510  639
 510  638
 509  637
 509  636
 509  635
 508  634
 508  633
 508  632
 507  631
 506  630
 505  629
 504  628
 503  627
 502  627
 501  626
 500  626
 499  626
 498  625
 497  625
 496  624
 495  623
 494  622
 493  622
 492  622
 491  621
 490  620
 490  619
 490  618
 490  617
 489  616
 489  615
 488  614
 488  613
 487  612
 486  612
 485  612
 484  612
 483  612
 483  611
 482  610
 482  609
 482  608
 482  607
 482  606
 483  605
 484  604
 484  603
 484  602
 484  601
 483  600
 483  599
 482  598
 482  597
 482  596
 482  595
 481  594
 481  593
 480  592
 479  592
 478  592
 477  593
 476  594
 475  594
 474  595
 473  595
 472  595
 471  595
 470  596
 469  596
 468  596
 467  596
 466  596
 465  595
 464  594
 463  594
 462  594
 461  595
 460  595
 459  596
 458  597
 458  598
 457  599
 457  600
 457  601
 457  602
 457  603
 457  604
 457  605
 457  606
 457  607
 457  608
 457  609
 457  610
 457  611
 457  612
 457  613
 457  614
 457  615
 457  616
 457  617
 457  618
 456  619
 456  620
 456  621
 456  622
 456  623
 456  624
 456  625
 455  626
 455  627
 455  628
 455  629
 455  630
 456  631
 456  632
 456  633
 456  634
 455  635
 454  636
 453  637
 452  638
 451  639
 451  640
 450  641
 449  642
 448  643
 447  644
 447  645
 446  646
 446  647
 446  648
 446  649
 446  650
 445  651
 445  652
 445  653
 445  654
 445  655
 445  656
 444  657
 444  658
 444  659
 445  660
 446  661
 447  661
 448  662
 449  663
 450  664
 451  665
 452  666
 452  667
 453  668
 453  669
 454  670
 454  671
 454  672
 454  673
 455  674
 456  675
 456  676
 456  677
 456  678
 456  679
 456  680
 456  681
 456  682
 457  683
 458  683
 458  684
 459  685
 458  686
 458  687
 458  688
 458  689
 458  690
 457  689
 456  689
 455  690
 456  691
 456  692
 457  693
 458  694
 458  695
 458  696
 459  697
 459  698
 459  699
 460  700
 461  700
 462  701
 463  702
 464  703
 465  703
 466  703
 467  703
 468  703
 469  703
 470  703
 471  703
 472  703
 473  703
 474  704
 475  704
 476  705
 477  706
 477  707
 478  708
 478  709
 478  710
 479  711
 479  712
 480  713
 480  714
 480  715
 480  716
 480  717
 479  717
 478  717
 477  716
 477  715
 476  714
 476  713
 476  712
 475  711
 474  710
 473  710
 472  709
 471  708
 470  708
 469  708
 468  708
 467  708
 466  708
 465  708
 464  708
 463  708
 462  708
 461  708
 460  708
 459  708
 458  708
 457  708
 456  707
 455  706
 454  706
 453  706
 452  706
 451  706
 450  706
 449  707
 449  708
 449  709
 448  710
 447  711
 447  712
 446  713
 446  714
 447  715
 447  716
 446  717
 447  718
 447  719
 448  720
 448  721
 449  722
 449  723
 449  724
 449  725
 448  726
 447  725
 446  725
 445  724
 445  723
 444  722
 444  721
 443  720
 443  719
 442  718
 442  717
 441  716
 440  715
 439  715
 438  715
 437  716
 437  717
 436  718
 436  719
 436  720
 436  721
 436  722
 435  722
 434  722
 433  723
 432  722
 432  721
 431  720
 430  720
 429  721
 428  722
 427  723
 426  724
 425  725
 424  726
 423  726
 422  727
 421  727
 420  728
 419  729
 418  729
 417  729
 416  729
 417  728
 417  727
 418  726
 418  725
 419  724
 420  723
 420  722
 421  721
 422  720
 422  719
 422  718
 422  717
 422  716
 422  715
 422  714
 423  713
 423  712
 424  711
 424  710
 424  709
 423  708
 422  707
 421  706
 421  705
 420  704
 419  703
 419  702
 418  701
 418  700
 418  699
 417  698
 416  697
 416  696
 416  695
 415  694
 414  693
 413  692
 412  691
 411  690
 410  689
 409  688
 409  687
 409  686
 408  685
 407  685
 406  685
 405  685
 405  684
 405  683
 404  682
 403  682
 402  681
 401  681
 400  681
 399  681
 398  680
 397  679
 397  678
 397  677
 398  676
 399  675
 400  675
 401  674
 402  674
 403  674
 404  674
 405  675
 406  676
 407  677
 408  676
 409  676
 410  675
 411  674
 412  674
 413  673
 414  672
 415  671
 415  670
 415  669
 416  668
 417  667
 417  666
 417  665
 418  664
 419  663
 418  662
 419  661
 420  660
 421  659
 422  658
 423  657
 423  656
 424  655
 425  654
 426  653
 427  652
 428  652
 429  651
 430  650
 429  649
 429  648
 430  648
 431  648
 432  648
 433  647
 432  646
 431  645
 430  645
 429  644
 428  644
 428  643
 427  642
 426  641
 426  640
 425  639
 425  638
 424  637
 424  636
 424  635
 424  634
 423  633
 423  632
 423  631
 423  630
 422  629
 422  628
 422  627
 421  626
 420  625
 419  624
 418  624
 417  623
 416  622
 415  621
 415  620
 414  619
 413  618
 412  617
 411  616
 411  615
 410  614
 410  613
 410  612
 409  611
 409  610
 409  609
 409  608
 408  607
 408  606
 408  605
 408  604
 408  603
 407  602
 408  601
 408  600
 408  599
 408  598
 409  597
 409  596
 410  596
 411  595
 411  594
 411  593
 411  592
 411  591
 412  590
 413  590
 414  591
 415  591
 416  592
 416  593
 417  594
 418  595
 418  596
 418  597
 419  598
 419  599
 420  600
 421  601
 422  602
 423  602
 424  601
 424  600
 424  599
 424  598
 424  597
 424  596
 424  595
 424  594
 424  593
 423  592
 422  591
 421  590
 421  589
 420  588
 420  587
 420  586
 420  585
 421  584
 422  584
 423  583
 424  582
 424  581
 424  580
 424  579
 424  578
 424  577
 424  576
 424  575
 423  574
 423  573
 423  572
 423  571
 422  570
 421  569
 420  568
 419  567
 418  566
 418  565
 417  564
 417  563
 417  562
 417  561
 417  560
 417  559
 417  558
 417  557
 417  556
 417  555
 417  554
 417  553
 417  552
 417  551
 417  550
 417  549
 417  548
 418  548
 419  549
 419  550
 420  551
 421  552
 421  553
 422  554
 423  555
 423  556
 424  557
 424  558
 425  559
 426  560
 427  560
 428  561
 429  561
 430  561
 431  561
 432  562
 432  563
 432  564
 432  565
 433  566
 434  566
 435  566
 436  566
 437  567
 438  566
 439  565
 440  565
 441  566
 441  567
 442  568
 442  569
 442  570
 443  571
 444  572
 445  573
 446  574
 447  575
 448  575
 449  575
 450  575
 451  575
 452  575
 453  574
 454  573
 455  572
 455  571
 455  570
 455  569
 456  568
 457  567
 457  566
 456  565
 455  565
 455  564
 455  563
 455  562
 456  561
 456  560
 457  559
 458  558
 458  557
 458  556
 458  555
 457  554
 456  554
 455  554
 455  553
 455  552
 454  551
 454  550
 453  549
 453  548
 453  547
 453  546
 453  545
 452  544
 451  543
 450  543
 449  543
 449  542
 449  541
 449  540
 448  539
 447  539
 447  538
 447  537
 447  536
 446  535
 445  534
 445  533
 444  532
 444  531
 444  530
 443  529
 443  528
 442  527
 441  528
 440  529
 439  529
 438  529
 437  528
 436  528
 435  527
 435  526
 434  525
 434  524
 433  523
 432  522
 431  522
 430  521
 429  520
 428  519
 428  518
 427  517
 426  516
 425  516
 424  515
 423  515
 422  515
 421  515
 420  515
 419  515
 418  515
 417  515
 416  516
 415  516
 414  516
 413  516
 412  516
 411  515
 410  515
 409  514
 409  513
 408  512
 407  511
 406  511
 405  510
 405  509
 404  508
 403  508
 402  507
 401  507
 401  506
 402  505
 402  504
 401  503
 400  502
 399  501
 398  501
 397  500
 396  500
 395  500
 394  499
 393  498
 392  498
 391  497
 390  496
 389  496
 388  495
 387  495
 386  494
 385  494
 384  494
 383  493
 383  492
 382  491
 381  490
 381  489
 381  488
 381  487
 381  486
 381  485
