   x    y
 776  547
 777  546
 777  545
 777  544
 778  543
 778  542
 778  541
 778  540
 778  539
 778  538
 778  537
 778  536
 778  535
 778  534
 779  533
 779  532
 780  531
 781  530
 782  530
 783  529
 784  528
 785  527
 786  527
 787  526
 788  526
 789  525
 790  526
 791  526
 792  526
 793  526
 794  526
 795  527
 796  528
 797  529
 797  530
 797  531
 796  532
 796  533
 796  534
 796  535
 797  536
 798  537
 798  538
 798  539
 798  540
 798  541
 798  542
 797  543
 797  544
 797  545
 796  546
 795  547
 794  548
 793  549
 792  549
 791  550
 790  551
 789  551
 788  552
 787  552
 786  553
 785  554
 784  555
 783  556
 782  557
 781  557
 780  558
 779  557
 778  557
 777  556
 776  556
 776  555
 776  554
 776  553
 776  552
 776  551
 776  550
 776  549
 776  548
 776  547
 727  682
 727  681
 728  680
 728  679
 729  679
 730  678
 731  678
 732  678
 733  679
 734  680
 735  681
 736  681
 737  680
 738  679
 738  678
 739  677
 740  676
 740  675
 741  674
 742  673
 742  672
 743  671
 743  670
 744  669
 745  668
 746  667
 746  666
 747  665
 748  664
 748  663
 749  662
 750  661
 750  660
 751  659
 752  659
 753  659
 754  659
 755  659
 755  660
 755  661
 755  662
 755  663
 754  664
 754  665
 753  666
 752  667
 751  668
 750  668
 749  669
 748  669
 747  670
 747  671
 746  672
 745  673
 745  674
 744  674
 743  675
 743  676
 744  677
 745  678
 746  678
 747  679
 748  679
 749  680
 749  681
 749  682
 749  683
 749  684
 749  685
 748  686
 748  687
 747  688
 746  689
 745  689
 744  690
 743  691
 742  692
 741  693
 740  694
 739  695
 738  696
 737  697
 736  698
 735  698
 734  699
 733  700
 732  700
 731  701
 730  702
 730  703
 730  704
 730  705
 730  706
 731  707
 732  708
 733  709
 733  710
 733  711
 734  712
 734  713
 735  714
 735  715
 735  716
 735  717
 735  718
 735  719
 736  720
 736  721
 736  722
 736  723
 736  724
 736  725
 736  726
 736  727
 736  728
 736  729
 736  730
 735  730
 734  730
 733  729
 732  729
 732  728
 731  727
 730  726
 729  726
 728  726
 728  725
 727  724
 726  723
 726  722
 725  721
 724  720
 723  720
 722  720
 721  719
 720  719
 719  719
 718  720
 718  721
 718  722
 718  723
 718  724
 719  725
 719  726
 719  727
 719  728
 719  729
 718  730
 718  731
 717  732
 716  732
 715  732
 714  732
 713  731
 712  731
 711  730
 711  729
 711  728
 711  727
 711  726
 711  725
 711  724
 711  723
 710  722
 710  721
 709  720
 708  719
 707  719
 706  718
 705  718
 704  717
 703  717
 702  717
 701  717
 700  717
 699  717
 698  717
 697  717
 696  717
 695  717
 694  716
 693  716
 692  715
 692  714
 686  510
 686  509
 686  508
 686  507
 686  506
 686  505
 685  504
 684  503
 684  502
 683  501
 682  500
 681  499
 680  498
 679  497
 678  496
 677  496
 676  496
 675  496
 675  495
 675  494
 675  493
 675  492
 675  491
 676  491
 677  491
 678  491
 679  490
 680  490
 681  490
 682  490
 683  490
 684  491
 685  492
 686  493
 687  494
 688  495
 688  496
 689  497
 690  498
 690  499
 691  500
 692  500
 693  500
 694  500
 695  500
 696  499
 696  498
 696  497
 696  496
 695  495
 695  494
 694  493
 694  492
 694  491
 694  490
 693  489
 693  488
 692  487
 691  486
 690  485
 689  484
 689  483
 688  482
 687  481
 686  480
 686  479
 686  478
 685  477
 684  476
 683  475
 683  474
 683  473
 682  472
 681  472
 680  472
 679  471
 678  470
 677  470
 676  469
 675  468
 675  467
 675  466
 674  465
 674  464
 674  463
 674  462
 596  727
 596  726
 596  725
 595  724
 594  723
 593  722
 592  722
 591  722
 590  721
 589  721
 588  721
 587  721
 586  722
 585  722
 584  722
 583  721
 582  721
 581  720
 581  719
 580  718
 580  717
 579  716
 578  715
 578  714
 577  713
 577  712
 576  711
 575  710
 575  709
 575  708
 575  707
 539  457
 538  458
 538  459
 538  460
 537  461
 536  462
 535  463
 534  464
 534  465
 534  466
 534  467
 534  468
 534  469
 534  470
 533  471
 533  472
 533  473
 533  474
 533  475
 533  476
 533  477
 533  478
 532  479
 532  480
 532  481
 531  482
 531  483
 531  484
 530  485
 530  486
 530  487
 530  488
 530  489
 530  490
 530  491
 530  492
 530  493
 530  494
 529  495
 529  496
 529  497
 529  498
 529  499
 529  500
 529  501
 529  502
 529  503
 529  504
 529  505
 529  506
 529  507
 529  508
 529  509
 529  510
 529  511
 529  512
 529  513
 528  514
 527  515
 526  516
 526  517
 525  518
 525  519
 526  520
 526  521
 526  522
 526  523
 526  524
 527  525
 527  526
 527  527
 528  528
 528  529
 529  530
 529  531
 530  532
 530  533
 530  534
 531  535
 532  536
 533  536
 534  536
 535  536
 535  537
 536  538
 537  539
 538  539
 539  540
 540  541
 541  542
 542  543
 543  543
 544  544
 545  544
 546  545
 547  545
 546  545
 545  546
 544  546
 543  546
 542  545
 541  545
 540  544
 539  543
 538  542
 537  541
 536  541
 535  540
 534  540
 533  539
 532  539
 531  540
 532  541
 532  542
 532  543
 533  544
 533  545
 534  546
 535  547
 536  547
 537  547
 538  548
 539  549
 540  549
 541  549
 542  549
 543  549
 544  549
 545  549
 546  550
 547  550
 548  550
 549  551
 550  551
 551  551
 552  551
 553  551
 554  551
 555  552
 556  552
 557  553
 558  553
 559  553
 560  552
 561  552
 562  552
 563  551
 564  551
 565  551
 566  551
 567  551
 568  551
 569  551
 570  550
 571  550
 572  549
 573  549
 574  548
 575  547
 576  546
 576  545
 577  544
 577  543
 577  542
 577  541
 577  540
 576  539
 576  538
 575  537
 575  536
 575  535
 575  534
 575  533
 575  532
 574  531
 573  531
 572  532
 572  531
 571  530
 570  531
 570  532
 569  532
 568  532
 567  532
 567  531
 567  530
 567  529
 567  528
 566  527
 565  527
 565  526
 566  525
 567  524
 567  523
 566  522
 565  521
 564  521
 563  521
 563  520
 562  519
 561  519
 560  519
 559  520
 558  520
 557  521
 556  522
 555  522
 554  522
 553  522
 552  522
 551  522
 551  521
 551  520
 552  519
 552  518
 553  517
 553  516
 554  515
 555  514
 556  514
 557  513
 557  512
 557  511
 557  510
 557  509
 557  508
 558  507
 559  506
 560  505
 560  504
 560  503
 561  502
 561  501
 562  500
 562  499
 563  498
 564  497
 564  496
 564  495
 564  494
 563  493
 562  493
 562  492
 562  491
 562  490
 563  489
 563  488
 563  487
 562  486
 562  485
 562  484
 563  483
 564  483
 565  482
 566  482
 567  482
 568  482
 569  482
 570  482
 571  482
 572  482
 573  482
 574  482
 575  481
 576  480
 576  479
 577  478
 577  477
 578  476
 578  475
 579  474
 580  473
 581  472
 582  471
 583  470
 583  469
 584  468
 584  467
 585  466
 585  465
 586  464
 586  463
 587  462
 588  461
 589  460
 589  459
 590  458
 591  457
 591  456
 592  455
 593  454
 593  453
 594  452
 595  451
 596  451
 597  450
 597  449
 597  448
 598  447
 599  446
 600  445
 601  444
 602  444
 603  444
 604  444
 605  443
 605  442
 606  441
 607  440
 608  439
 609  438
 609  437
 610  436
 611  435
 611  434
 612  433
 613  432
 614  432
 615  431
 616  431
 617  430
 617  429
 618  428
 618  427
 619  426
 620  425
 621  424
 622  423
 623  422
 624  421
 625  420
 626  419
 627  418
 628  417
 629  416
 629  415
 630  414
 630  413
 630  412
 631  411
 631  410
 631  409
 631  408
 631  407
 632  406
 632  405
 632  404
 632  403
 632  402
 632  401
 632  400
 632  399
 632  398
 632  397
 633  396
 632  395
 631  395
 630  395
 629  395
 628  395
 627  395
 626  395
 625  395
 624  395
 623  396
 623  397
 624  398
 624  399
 624  400
 623  400
 622  399
 621  399
 620  399
 619  398
 618  398
 617  398
 616  399
 615  400
 614  400
 613  400
 612  401
 611  401
 610  401
 609  401
 608  401
 607  401
 606  401
 605  401
 604  401
 603  401
 602  401
 601  402
 600  403
 600  404
 599  405
 599  406
 599  407
 599  408
 598  409
 598  410
 598  411
 597  412
 596  413
 596  414
 595  414
 595  413
 595  412
 595  411
 595  410
 595  409
 594  408
 594  407
 594  406
 593  405
 592  406
 591  406
 590  406
 589  407
 588  408
 587  408
 586  409
 585  410
 584  410
 583  411
 582  412
 581  412
 580  413
 579  414
 578  415
 578  416
 577  417
 576  418
 576  419
 575  420
 574  421
 573  422
 573  423
 574  424
 575  424
 576  423
 577  423
 578  423
 579  423
 580  424
 580  425
 580  426
 580  427
 580  428
 580  429
 579  430
 578  430
 577  431
 576  431
 575  432
 574  432
 573  432
 572  432
 571  432
 570  432
 569  432
 568  432
 567  433
 566  434
 565  434
 564  434
 563  434
 562  434
 561  433
 560  433
 559  433
 558  433
 557  432
 556  431
 555  430
 554  430
 553  430
 552  430
 551  431
 550  431
 549  432
 548  433
 547  433
 546  433
 545  432
 544  432
 543  432
 542  432
 541  431
 540  431
 539  431
 538  430
 537  429
 536  428
 535  428
 534  428
 533  428
 532  427
 531  427
 530  427
 529  428
 528  429
 527  430
 526  431
 525  431
 524  431
 523  432
 522  432
 521  433
 520  433
 520  432
 520  431
 520  430
 520  429
 521  428
 521  427
 522  426
 523  425
 523  424
 524  423
 525  423
 526  422
 527  421
 528  421
 529  420
 529  419
 528  418
 528  417
 528  416
 528  415
 527  414
 527  413
 526  412
 525  412
 524  413
 523  413
 522  412
 521  411
 521  410
 521  409
 521  408
 521  407
 521  406
 521  405
 521  404
 521  403
 521  402
 522  401
 522  400
 522  399
 523  398
 523  397
 524  396
 524  395
 525  394
 526  393
 527  392
 527  391
 527  390
 527  389
 528  388
 528  387
 529  386
 530  385
 530  384
 530  383
 530  382
 531  381
 531  380
 532  379
 533  378
 534  378
 535  377
 535  376
 536  376
 537  376
 537  377
 538  378
 539  379
 540  379
 541  379
 542  379
 542  380
 543  381
 544  380
 545  380
 546  380
 547  380
 548  379
 549  378
 549  377
 549  376
 550  376
 551  377
 552  377
 553  378
 554  378
 555  378
 556  379
 556  380
 556  381
 555  382
 554  383
 554  384
 553  385
 552  385
 551  386
 551  387
 551  388
 550  389
 550  390
 549  391
 548  391
 547  392
 546  393
 546  394
 546  395
 547  396
 547  397
 548  398
 549  399
 549  400
 549  401
 550  402
 550  403
 551  404
 552  405
 553  406
 553  407
 554  408
 555  409
 556  410
 556  411
 556  412
 557  413
 558  414
 558  415
 559  416
 559  417
 560  418
 560  419
 561  420
 562  421
 563  422
 564  423
 565  423
 566  423
 567  423
 568  423
 569  422
 570  421
 571  421
 572  420
 573  419
 574  418
 575  417
 576  416
 577  416
 578  415
 578  414
 578  413
 579  412
 579  411
 579  410
 580  409
 579  408
 578  407
 578  406
 578  405
 579  404
 580  403
 581  402
 582  401
 583  400
 584  400
 585  399
 586  398
 587  397
 588  396
 588  395
 588  394
 588  393
 589  392
 589  391
 590  390
 591  390
 592  390
 593  390
 594  389
 594  388
 595  387
 596  386
 596  385
 596  384
 596  383
 596  382
 596  381
 596  380
 597  379
 597  378
 597  377
 597  376
 598  375
 598  374
 599  373
 599  372
 600  371
 600  370
 600  369
 600  368
 601  368
 602  368
 603  368
 604  368
 605  368
 606  368
 607  368
 608  368
 609  369
 610  369
 610  370
 611  371
 611  372
 612  373
 613  374
 614  375
 615  376
 615  377
 616  378
 616  379
 616  380
 616  381
 617  382
 618  382
 619  382
 620  382
 621  382
 622  382
 623  383
 624  384
 625  385
 625  386
 626  387
 627  387
 628  388
 629  388
 629  389
 630  390
 631  391
 632  392
 633  393
 634  392
 634  391
 635  390
 636  389
 637  388
 638  387
 638  386
 639  386
 640  385
 641  385
 642  385
 642  386
 642  387
 641  388
 640  389
 640  390
 640  391
 640  392
 640  393
 641  394
 641  395
 642  396
 643  396
 644  396
 645  397
 646  397
 647  397
 648  397
 649  397
 650  397
 651  397
 652  397
 653  397
 654  397
 654  398
 654  399
 654  400
 654  401
 654  402
 654  403
 653  403
 652  403
 651  404
 650  405
 649  405
 648  406
 647  406
 646  406
 645  406
 644  407
 643  407
 642  408
 641  409
 641  410
 641  411
 641  412
 640  413
 640  414
 640  415
 640  416
 640  417
 640  418
 640  419
 639  420
 639  421
 639  422
 639  423
 639  424
 639  425
 639  426
 638  427
 638  428
 638  429
 637  430
 637  431
 637  432
 637  433
 637  434
 636  435
 636  436
 636  437
 636  438
 636  439
 636  440
 636  441
 635  442
 634  443
 634  444
 633  445
 634  446
 634  447
 635  448
 635  449
 635  450
 635  451
 634  452
 633  452
 632  453
 631  454
 630  455
 630  456
 629  457
 629  458
 628  459
 627  460
 626  461
 626  462
 625  462
 624  463
 623  463
 622  464
 621  465
 620  466
 619  467
 618  468
 617  468
 616  468
 615  468
 614  468
 613  468
 612  468
 611  469
 610  470
 609  471
 608  472
 607  473
 607  474
 606  475
 605  475
 604  475
 603  474
 602  474
 601  474
 600  474
 599  474
 598  475
 598  476
 597  476
 596  476
 595  477
 595  478
 594  479
 593  479
 592  480
 591  480
 590  480
 589  480
 588  480
 587  481
 586  480
 585  479
 584  480
 583  481
 582  482
 582  483
 582  484
 581  485
 581  486
 580  487
 580  488
 580  489
 579  490
 578  491
 578  492
 577  493
 578  494
 578  495
 579  496
 580  496
 581  497
 582  497
 583  498
 584  498
 584  499
 585  500
 585  501
 585  502
 585  503
 585  504
 585  505
 585  506
 585  507
 585  508
 585  509
 584  510
 584  511
 584  512
 584  513
 584  514
 583  515
 583  516
 582  517
 582  518
 581  519
 581  520
 580  521
 580  522
 581  523
 581  524
 580  525
 581  526
 582  527
 582  528
 583  529
 584  528
 585  528
 586  528
 586  529
 587  530
 588  530
 589  530
 590  529
 591  529
 592  529
 593  528
 594  528
 595  527
 596  526
 597  526
 598  525
 599  524
 599  523
 599  522
 600  522
 601  521
 601  520
 601  519
 602  518
 603  518
 604  519
 605  520
 606  520
 607  520
 607  521
 607  522
 607  523
 607  524
 607  525
 606  526
 606  527
 606  528
 607  529
 608  529
 608  530
 608  531
 608  532
 607  533
 607  534
 607  535
 607  536
 608  537
 608  538
 609  539
 609  540
 610  541
 611  542
 611  543
 612  544
 612  545
 612  546
 612  547
 612  548
 613  549
 614  549
 615  549
 616  549
 617  549
 618  549
 619  549
 620  549
 621  549
 622  548
 623  548
 624  547
 624  546
 625  545
 625  544
 625  543
 625  542
 624  541
 624  540
 624  539
 624  538
 624  537
 624  536
 624  535
 624  534
 624  533
 624  532
 624  531
 624  530
 623  529
 622  530
 621  530
 620  530
 619  530
 618  530
 617  530
 618  529
 618  528
 619  527
 620  527
 621  526
 622  526
 623  525
 624  525
 625  525
 626  524
 627  524
 628  524
 629  524
 630  525
 631  525
 632  526
 632  527
 633  528
 634  528
 635  528
 636  529
 637  529
 638  529
 639  529
 640  529
 641  530
 642  531
 643  531
 644  532
 645  532
 646  533
 647  533
 648  533
 649  532
 650  532
 651  531
 652  530
 653  530
 654  530
 655  530
 656  530
 657  530
 658  530
 659  530
 660  530
 661  530
 662  530
 663  530
 664  530
 665  529
 666  528
 667  528
 668  527
 669  527
 670  527
 671  527
 672  527
 673  527
 674  527
 674  528
 673  529
 673  530
 672  531
 671  532
 670  533
 669  534
 668  534
 667  534
 666  534
 665  534
 664  535
 663  535
 662  536
 661  537
 662  538
 663  538
 664  538
 665  538
 666  538
 667  538
 668  538
 669  538
 670  539
 670  540
 670  541
 670  542
 670  543
 670  544
 670  545
 670  546
 669  547
 668  548
 668  549
 669  550
 670  550
 671  550
 672  549
 673  549
 674  548
 675  548
 676  547
 676  546
 677  545
 678  544
 678  543
 678  542
 678  541
 677  540
 676  539
 676  538
 676  537
 676  536
 677  535
 678  534
 679  535
 680  536
 681  537
 682  538
 682  539
 683  540
 682  541
 683  542
 683  543
 683  544
 683  545
 683  546
 683  547
 683  548
 683  549
 683  550
 682  551
 682  552
 681  552
 680  553
 679  553
 678  553
 677  553
 676  554
 677  555
 678  555
 677  555
 676  555
 675  555
 674  555
 673  555
 672  554
 671  554
 670  554
 669  554
 668  555
 669  556
 670  557
 671  558
 672  558
 673  559
 674  559
 675  559
 676  559
 677  559
 678  559
 679  559
 680  559
 681  559
 682  559
 683  559
 684  559
 685  559
 686  560
 687  560
 688  560
 689  560
 690  561
 691  561
 692  561
 693  562
 694  563
 695  563
 696  563
 697  564
 698  565
 699  566
 700  566
 701  567
 702  567
 703  568
 704  568
 705  569
 706  570
 707  570
 708  570
 709  570
 710  571
 711  571
 711  572
 712  573
 713  573
 713  574
 713  575
 713  576
 713  577
 713  578
 713  579
 713  580
 713  581
 713  582
 712  583
 712  584
 712  585
 712  586
 711  586
 710  587
 709  588
 708  589
 708  590
 708  591
 708  592
 708  593
 708  594
 708  595
 709  596
 710  597
 710  598
 710  599
 710  600
 710  601
 710  602
 711  603
 711  604
 712  605
 712  606
 712  607
 712  608
 711  609
 711  610
 710  611
 709  612
 708  612
 707  612
 706  612
 705  611
 705  610
 704  609
 704  608
 703  607
 702  606
 701  606
 700  605
 699  604
 698  604
 697  603
 696  602
 695  602
 694  601
 693  600
 692  599
 691  598
 690  597
 689  597
 689  596
 688  595
 687  595
 686  594
 685  594
 684  594
 683  594
 682  594
 681  594
 681  593
 681  592
 681  591
 681  590
 681  589
 681  588
 682  588
 683  588
 684  588
 685  588
 686  588
 687  588
 688  588
 689  588
 690  587
 691  587
 692  586
 693  585
 694  584
 694  583
 694  582
 694  581
 694  580
 693  579
 692  578
 691  578
 690  577
 689  576
 688  575
 688  574
 687  573
 686  573
 685  573
 684  573
 683  574
 682  575
 682  576
 682  577
 681  578
 681  579
 681  580
 680  581
 680  582
 679  583
 678  584
 677  584
 676  585
 675  585
 674  585
 673  585
 672  585
 671  585
 670  585
 669  584
 668  584
 667  583
 666  583
 665  582
 664  582
 663  581
 662  580
 661  579
 660  578
 659  577
 658  576
 658  575
 658  574
 657  573
 657  572
 657  571
 656  570
 655  569
 654  569
 653  569
 652  568
 651  568
 650  568
 650  567
 650  566
 651  565
 652  564
 652  563
 652  562
 651  561
 650  560
 649  560
 648  559
 647  559
 646  559
 645  560
 644  560
 643  560
 642  560
 641  561
 640  561
 639  561
 638  561
 637  561
 636  561
 635  561
 634  561
 633  561
 632  560
 631  560
 630  560
 629  560
 628  559
 627  559
 626  559
 625  559
 624  559
 623  558
 622  557
 621  556
 620  555
 619  555
 618  555
 617  555
 616  555
 615  555
 614  555
 613  556
 612  556
 611  557
 611  558
 610  558
 609  559
 609  560
 608  561
 608  562
 608  563
 609  564
 610  565
 610  566
 611  567
 612  568
 612  569
 612  570
 612  571
 612  572
 613  573
 613  574
 612  575
 612  576
 612  577
 611  578
 610  579
 609  579
 608  578
 607  578
 606  578
 605  578
 604  577
 603  577
 602  576
 601  575
 601  574
 601  573
 600  572
 599  571
 598  571
 597  570
 596  570
 595  571
 594  571
 593  572
 593  573
 593  574
 592  575
 591  576
 590  577
 590  578
 589  578
 588  579
 587  580
 586  580
 585  580
 584  581
 583  581
 582  581
 581  581
 580  581
 579  580
 578  580
 577  580
 576  580
 575  580
 574  580
 573  580
 572  580
 571  580
 570  580
 569  581
 568  582
 567  582
 566  582
 565  582
 564  583
 563  583
 562  583
 561  584
 560  585
 560  586
 559  587
 558  588
 557  589
 556  590
 556  591
 555  592
 555  593
 554  593
 553  593
 552  593
 551  593
 550  594
 551  595
 551  596
 551  597
 550  598
 549  599
 549  600
 549  601
 550  602
 550  603
 550  604
 550  605
 550  606
 550  607
 550  608
 550  609
 550  610
 550  611
 551  612
 551  613
 551  614
 551  615
 552  616
 552  617
 552  618
 553  619
 553  620
 553  621
 553  622
 553  623
 553  624
 553  625
 553  626
 553  627
 553  628
 553  629
 553  630
 553  631
 553  632
 553  633
 553  634
 553  635
 552  636
 551  637
 551  638
 552  639
 553  640
 552  641
 553  642
 553  643
 553  644
 553  645
 552  646
 552  647
 552  648
 551  649
 551  650
 550  651
 549  652
 548  653
 547  654
 546  655
 545  656
 545  657
 544  657
 543  658
 542  659
 542  660
 541  660
 540  661
 539  662
 538  662
 537  662
 536  662
 535  662
 534  662
 533  662
 532  663
 531  664
 530  665
 529  665
 528  665
 527  666
 526  666
 525  666
 524  667
 523  667
 522  668
 521  668
 520  669
 519  669
 518  669
 517  669
 516  670
 515  670
 514  671
 513  671
 512  672
 511  672
 510  673
 509  673
 508  673
 507  673
 506  673
 505  673
 504  672
 503  672
 502  672
 501  672
 500  671
 500  670
 500  669
 499  668
 499  667
 498  666
 498  665
 497  664
 496  664
 495  664
 494  664
 493  664
 492  664
 491  664
 490  664
 489  664
 488  664
 487  664
 486  664
 485  664
 484  664
 483  664
 482  664
 481  664
 480  664
 479  665
 478  665
 477  666
 476  666
 475  667
 474  667
 473  668
 472  668
 471  669
 470  669
 469  670
 468  670
 467  670
 466  670
 465  670
 464  670
 463  670
 462  670
 461  670
 460  670
 459  669
 459  668
 460  667
 461  666
 462  665
 463  664
 463  663
 464  662
 465  661
 465  660
 466  659
 467  658
 468  657
 469  656
 470  655
 470  654
 471  654
 472  653
 473  652
 474  652
 475  651
 476  651
 477  651
 478  651
 479  651
 480  651
 481  651
 482  651
 483  651
 484  652
 485  652
 486  653
 487  653
 488  653
 489  654
 490  655
 491  655
 492  655
 493  655
 494  655
 495  655
 496  655
 497  655
 498  655
 499  655
 500  654
 501  653
 502  652
 503  651
 504  650
 504  649
 504  648
 504  647
 504  646
 505  645
 506  644
 507  643
 508  642
 509  641
 509  640
 510  639
 510  638
 509  637
 509  636
 509  635
 508  634
 508  633
 508  632
 507  631
 506  630
 505  629
 504  628
 503  627
 502  627
 501  626
 500  626
 499  626
 498  625
 497  625
 496  624
 495  623
 494  622
 493  622
 492  622
 491  621
 490  620
 490  619
 490  618
 490  617
 489  616
 489  615
 488  614
 488  613
 487  612
 486  612
 485  612
 484  612
 483  612
 483  611
 482  610
 482  609
 482  608
 482  607
 482  606
 483  605
 484  604
 484  603
 484  602
 484  601
 483  600
 483  599
 482  598
 482  597
 482  596
 482  595
 481  594
 481  593
 480  592
 479  592
 478  592
 477  593
 476  594
 475  594
 474  595
 473  595
 472  595
 471  595
 470  596
 469  596
 468  596
 467  596
 466  596
 465  595
 464  594
 463  594
 462  594
 461  595
 460  595
 459  596
 458  597
 458  598
 457  599
 457  600
 457  601
 457  602
 457  603
 457  604
 457  605
 457  606
 457  607
 457  608
 457  609
 457  610
 457  611
 457  612
 457  613
 457  614
 457  615
 457  616
 457  617
 457  618
 456  619
 456  620
 456  621
 456  622
 456  623
 456  624
 456  625
 455  626
 455  627
 455  628
 455  629
 455  630
 456  631
 456  632
 456  633
 456  634
 455  635
 454  636
 453  637
 452  638
 451  639
 451  640
 450  641
 449  642
 448  643
 447  644
 447  645
 446  646
 446  647
 446  648
 446  649
 446  650
 445  651
 445  652
 445  653
 445  654
 445  655
 445  656
 444  657
 444  658
 444  659
 445  660
 446  661
 447  661
 448  662
 449  663
 450  664
 451  665
 452  666
 452  667
 453  668
 453  669
 454  670
 454  671
 454  672
 454  673
 455  674
 456  675
 456  676
 456  677
 456  678
 456  679
 456  680
 456  681
 456  682
 457  683
 458  683
 458  684
 459  685
 458  686
 458  687
 458  688
 458  689
 458  690
 457  689
 456  689
 455  690
 456  691
 456  692
 457  693
 458  694
 458  695
 458  696
 459  697
 459  698
 459  699
 460  700
 461  700
 462  701
 463  702
 464  703
 465  703
 466  703
 467  703
 468  703
 469  703
 470  703
 471  703
 472  703
 473  703
 474  704
 475  704
 476  705
 477  706
 477  707
 478  708
 478  709
 478  710
 479  711
 479  712
 480  713
 480  714
 480  715
 480  716
 480  717
 479  717
 478  717
 477  716
 477  715
 476  714
 476  713
 476  712
 475  711
 474  710
 473  710
 472  709
 471  708
 470  708
 469  708
 468  708
 467  708
 466  708
 465  708
 464  708
 463  708
 462  708
 461  708
 460  708
 459  708
 458  708
 457  708
 456  707
 455  706
 454  706
 453  706
 452  706
 451  706
 450  706
 449  707
 449  708
 449  709
 448  710
 447  711
 447  712
 446  713
 446  714
 447  715
 447  716
 446  717
 447  718
 447  719
 448  720
 448  721
 449  722
 449  723
 449  724
 449  725
 448  726
 447  725
 446  725
 445  724
 445  723
 444  722
 444  721
 443  720
 443  719
 442  718
 442  717
 441  716
 440  715
 439  715
 438  715
 437  716
 437  717
 436  718
 436  719
 436  720
 436  721
 436  722
 435  722
 434  722
 433  723
 432  722
 432  721
 431  720
 430  720
 429  721
 428  722
 427  723
 426  724
 425  725
 424  726
 423  726
 422  727
 421  727
 420  728
 419  729
 418  729
 417  729
 416  729
 417  728
 417  727
 418  726
 418  725
 419  724
 420  723
 420  722
 421  721
 422  720
 422  719
 422  718
 422  717
 422  716
 422  715
 422  714
 423  713
 423  712
 424  711
 424  710
 424  709
 423  708
 422  707
 421  706
 421  705
 420  704
 419  703
 419  702
 418  701
 418  700
 418  699
 417  698
 416  697
 416  696
 416  695
 415  694
 414  693
 413  692
 412  691
 411  690
 410  689
 409  688
 409  687
 409  686
 408  685
 407  685
 406  685
 405  685
 405  684
 405  683
 404  682
 403  682
 402  681
 401  681
 400  681
 399  681
 398  680
 397  679
 397  678
 397  677
 398  676
 399  675
 400  675
 401  674
 402  674
 403  674
 404  674
 405  675
 406  676
 407  677
 408  676
 409  676
 410  675
 411  674
 412  674
 413  673
 414  672
 415  671
 415  670
 415  669
 416  668
 417  667
 417  666
 417  665
 418  664
 419  663
 418  662
 419  661
 420  660
 421  659
 422  658
 423  657
 423  656
 424  655
 425  654
 426  653
 427  652
 428  652
 429  651
 430  650
 429  649
 429  648
 430  648
 431  648
 432  648
 433  647
 432  646
 431  645
 430  645
 429  644
 428  644
 428  643
 427  642
 426  641
 426  640
 425  639
 425  638
 424  637
 424  636
 424  635
 424  634
 423  633
 423  632
 423  631
 423  630
 422  629
 422  628
 422  627
 421  626
 420  625
 419  624
 418  624
 417  623
 416  622
 415  621
 415  620
 414  619
 413  618
 412  617
 411  616
 411  615
 410  614
 410  613
 410  612
 409  611
 409  610
 409  609
 409  608
 408  607
 408  606
 408  605
 408  604
 408  603
 407  602
 408  601
 408  600
 408  599
 408  598
 409  597
 409  596
 410  596
 411  595
 411  594
 411  593
 411  592
 411  591
 412  590
 413  590
 414  591
 415  591
 416  592
 416  593
 417  594
 418  595
 418  596
 418  597
 419  598
 419  599
 420  600
 421  601
 422  602
 423  602
 424  601
 424  600
 424  599
 424  598
 424  597
 424  596
 424  595
 424  594
 424  593
 423  592
 422  591
 421  590
 421  589
 420  588
 420  587
 420  586
 420  585
 421  584
 422  584
 423  583
 424  582
 424  581
 424  580
 424  579
 424  578
 424  577
 424  576
 424  575
 423  574
 423  573
 423  572
 423  571
 422  570
 421  569
 420  568
 419  567
 418  566
 418  565
 417  564
 417  563
 417  562
 417  561
 417  560
 417  559
 417  558
 417  557
 417  556
 417  555
 417  554
 417  553
 417  552
 417  551
 417  550
 417  549
 417  548
 418  548
 419  549
 419  550
 420  551
 421  552
 421  553
 422  554
 423  555
 423  556
 424  557
 424  558
 425  559
 426  560
 427  560
 428  561
 429  561
 430  561
 431  561
 432  562
 432  563
 432  564
 432  565
 433  566
 434  566
 435  566
 436  566
 437  567
 438  566
 439  565
 440  565
 441  566
 441  567
 442  568
 442  569
 442  570
 443  571
 444  572
 445  573
 446  574
 447  575
 448  575
 449  575
 450  575
 451  575
 452  575
 453  574
 454  573
 455  572
 455  571
 455  570
 455  569
 456  568
 457  567
 457  566
 456  565
 455  565
 455  564
 455  563
 455  562
 456  561
 456  560
 457  559
 458  558
 458  557
 458  556
 458  555
 457  554
 456  554
 455  554
 455  553
 455  552
 454  551
 454  550
 453  549
 453  548
 453  547
 453  546
 453  545
 452  544
 451  543
 450  543
 449  543
 449  542
 449  541
 449  540
 448  539
 447  539
 447  538
 447  537
 447  536
 446  535
 445  534
 445  533
 444  532
 444  531
 444  530
 443  529
 443  528
 442  527
 441  528
 440  529
 439  529
 438  529
 437  528
 436  528
 435  527
 435  526
 434  525
 434  524
 433  523
 432  522
 431  522
 430  521
 429  520
 428  519
 428  518
 427  517
 426  516
 425  516
 424  515
 423  515
 422  515
 421  515
 420  515
 419  515
 418  515
 417  515
 416  516
 415  516
 414  516
 413  516
 412  516
 411  515
 410  515
 409  514
 409  513
 408  512
 407  511
 406  511
 405  510
 405  509
 404  508
 403  508
 402  507
 401  507
 401  506
 402  505
 402  504
 401  503
 400  502
 399  501
 398  501
 397  500
 396  500
 395  500
 394  499
 393  498
 392  498
 391  497
 390  496
 389  496
 388  495
 387  495
 386  494
 385  494
 384  494
 383  493
 383  492
 382  491
 381  490
 381  489
 381  488
 381  487
 381  486
 381  485
