   x    y
 369  721
 370  720
 370  719
 370  718
 370  717
 371  716
 372  716
 373  715
 374  715
 375  716
 376  716
 377  717
 378  718
 379  719
 380  720
 380  721
 380  722
 380  723
 379  724
 378  725
 377  725
 376  725
 375  725
 374  725
 373  725
 372  724
 371  723
 370  722
 369  721
 365  404
 365  403
 366  402
 366  401
 366  400
 366  399
 366  398
 366  397
 366  396
 366  395
 366  394
 366  393
 366  392
 365  391
 365  390
 364  389
 364  388
 363  387
 362  386
 362  385
 361  384
 361  383
 361  382
 361  381
 361  380
 361  379
 362  378
 362  377
 362  376
 362  375
 363  375
 364  375
 365  375
 366  376
 367  377
 367  378
 367  379
 368  380
 368  381
 368  382
 369  383
 369  384
 369  385
 369  386
 370  387
 370  388
 370  389
 370  390
 371  391
 371  392
 371  393
 372  394
 372  395
 373  396
 373  397
 373  398
 373  399
 373  400
 373  401
 374  402
 374  403
 374  404
 374  405
 374  406
 375  407
 376  408
 376  409
 377  410
 378  410
 379  410
 380  411
 381  411
 382  411
 383  412
 384  413
 385  413
 386  414
 386  415
 387  416
 388  417
 389  418
 389  419
 390  420
 391  421
 391  422
 391  423
 391  424
 391  425
 391  426
 391  427
 391  428
 390  429
 390  430
 391  431
 391  432
 390  433
 390  434
 389  435
 389  436
 389  437
 388  437
 387  438
 388  439
 389  440
 389  441
 389  442
 389  443
 388  444
 387  445
 387  446
 388  447
 389  448
 390  449
 391  450
 392  451
 393  451
 394  450
 395  449
 396  449
 397  448
 398  447
 399  446
 400  446
 401  445
 402  444
 403  443
 404  443
 405  444
 406  445
 406  446
 406  447
 406  448
 406  449
 405  450
 405  451
 405  452
 404  453
 403  454
 402  455
 401  455
 400  456
 399  456
 398  457
 397  458
 396  458
 395  459
 394  459
 393  460
 392  460
 391  460
 390  461
 389  461
 388  461
 387  461
 386  461
 385  461
 384  461
 383  461
 382  461
 381  461
 380  461
 379  461
 378  461
 377  461
 376  461
 375  462
 374  462
 373  462
 372  462
 371  462
 370  462
 369  462
 368  462
 367  462
 366  462
 365  462
 364  462
 363  461
 362  460
 361  460
 360  459
 359  459
 358  458
 358  457
 357  456
 356  455
 355  454
 354  453
 354  452
 353  451
 352  451
 351  450
 351  449
 350  448
 350  447
 350  446
 351  445
 351  444
 350  443
 349  442
 348  441
 347  440
 346  439
 346  438
 345  437
 345  436
 344  435
 344  434
 344  433
 344  432
 344  431
 344  430
 344  429
 344  428
 349  751
 348  752
 348  753
 349  754
 350  755
 351  756
 352  757
 353  757
 354  758
 355  759
 356  759
 357  759
 358  759
 359  759
 360  759
 361  759
 362  759
 363  759
 364  760
 365  760
 366  760
 367  760
 368  760
 369  759
 370  758
 371  758
 372  757
 373  757
 374  757
 375  756
 375  757
 374  758
 374  759
 373  760
 372  761
 371  761
 370  762
 369  763
 369  764
 368  765
 368  766
 368  767
 368  768
 369  769
 369  770
 369  771
 370  772
 371  772
 372  772
 373  773
 374  773
 375  773
 376  773
 377  773
 378  773
 379  773
 379  774
 380  775
 380  776
 381  777
 381  778
 381  779
 382  780
 383  780
 384  781
 385  781
 386  782
 387  782
 388  782
 389  782
 390  782
 390  783
 391  784
 392  784
 393  785
 394  785
 394  786
 394  787
 393  787
 392  788
 391  788
 390  788
 389  788
 388  788
 387  788
 386  789
 385  789
 384  789
 383  789
 382  789
 381  789
 380  789
 379  790
 379  791
 378  792
 378  793
 377  794
 377  795
 377  796
 377  797
 377  798
 376  799
 376  800
 377  801
 378  801
 379  802
 380  802
 381  802
 382  802
 383  802
 384  803
 384  804
 384  805
 383  806
 382  806
 381  807
 380  807
 379  807
 378  807
 377  808
 376  809
 377  810
 377  811
 378  812
 378  813
 378  814
 378  815
 379  816
 379  817
 379  818
 379  819
 379  820
 379  821
 378  822
 378  823
 377  823
 376  823
 375  822
 375  821
 374  820
 373  819
 372  818
 371  818
 370  818
 369  819
 369  820
 368  821
 367  822
 367  823
 366  824
 366  825
 366  826
 366  827
 366  828
 366  829
 366  830
 366  831
 366  832
 366  833
 366  834
 365  835
 365  836
 365  837
 364  837
 363  837
 362  836
 361  837
 360  837
 360  836
 359  835
 359  834
 358  833
 357  833
 356  833
 355  833
 354  834
 353  835
 353  836
 352  836
 351  835
 350  834
 349  833
 349  832
 350  831
 350  830
 351  829
 351  828
 350  827
 349  827
 349  826
 348  825
 349  824
 349  823
 349  822
 350  822
 351  821
 352  820
 353  820
 354  819
 354  818
 354  817
 355  816
 355  815
 356  814
 356  813
 357  812
 358  811
 358  810
 359  809
 359  808
 360  807
 360  806
 361  806
 362  806
 363  805
 363  804
 363  803
 363  802
 363  801
 362  800
 361  799
 360  799
 359  798
 358  798
 357  797
 356  797
 355  796
 354  795
 353  795
 352  794
 351  794
 350  793
 349  793
 348  792
 347  792
 346  792
 345  791
 344  790
 343  789
 342  788
 342  787
 343  786
 344  786
 345  785
 346  784
 347  784
 348  783
 349  782
 350  781
 350  780
 350  779
 350  778
 350  777
 350  776
 350  775
 349  774
 349  773
 348  772
 347  771
 346  770
 346  769
 345  768
 344  767
 343  766
 342  765
 342  764
 342  763
 341  762
 340  761
 340  760
 339  759
 338  758
 338  757
 337  756
 336  755
 335  754
 335  753
 334  752
 334  751
 334  750
 334  749
 334  748
 334  747
 333  746
 332  745
 331  744
 330  744
 329  744
 328  744
 327  744
 326  745
 325  745
 324  746
 323  747
 322  748
 321  749
 320  750
 319  751
 318  751
 317  752
 316  752
 315  752
 314  753
 313  753
 312  754
 311  754
 310  755
 309  755
 308  756
 307  757
 306  758
 305  758
 304  759
 303  759
 302  760
 301  760
 300  760
 299  760
 298  760
 297  760
 296  760
 295  761
 294  761
 293  761
 292  761
 291  761
 290  762
 289  762
 288  762
 287  762
 286  762
 285  762
 284  763
 283  763
 282  763
 281  763
 280  763
 279  762
 278  762
 277  762
 276  762
 275  761
 274  760
 274  759
 274  758
 274  757
 274  756
 274  755
 274  754
 363  546
 364  545
 363  544
 364  543
 364  542
 365  541
 366  541
 367  541
 368  540
 369  540
 370  540
 371  540
 372  539
 373  538
 374  537
 374  536
 375  535
 376  535
 377  534
 378  534
 379  533
 379  532
 380  531
 380  530
 381  529
 381  528
 382  527
 383  526
 384  526
 385  525
 386  525
 387  524
 387  523
 387  522
 388  521
 389  520
 389  519
 390  518
 391  517
 392  517
 393  517
 394  517
 395  518
 396  518
 396  519
 397  520
 398  521
 399  521
 400  521
 401  521
 402  521
 403  521
 404  521
 405  521
 406  521
 407  521
 408  521
 409  521
 410  521
 410  522
 411  523
 411  524
 412  525
 413  526
 414  527
 415  527
 416  528
 417  528
 418  529
 419  529
 420  530
 421  530
 422  531
 423  532
 423  533
 423  534
 423  535
 423  536
 422  537
 421  537
 420  537
 419  538
 418  538
 417  538
 416  539
 416  540
 415  540
 414  541
 414  542
 414  543
 414  544
 413  544
 412  543
 412  542
 411  541
 410  542
 409  542
 408  542
 407  543
 407  544
 407  545
 406  546
 405  546
 404  546
 403  546
 402  546
 401  546
 400  547
 399  548
 398  548
 397  549
 396  550
 396  551
 396  552
 396  553
 397  554
 397  555
 398  556
 398  557
 398  558
 398  559
 397  560
 396  561
 396  562
 396  563
 396  564
 396  565
 395  566
 395  567
 395  568
 395  569
 396  570
 397  571
 398  571
 399  572
 400  572
 400  573
 399  574
 399  575
 398  575
 397  576
 396  576
 395  577
 395  578
 394  579
 394  580
 393  581
 393  582
 392  583
 392  584
 391  585
 391  586
 391  587
 391  588
 391  589
 391  590
 391  591
 390  592
 390  593
 390  594
 390  595
 390  596
 389  597
 389  598
 388  599
 387  599
 386  598
 385  598
 384  598
 383  599
 382  600
 382  601
 381  602
 381  603
 380  604
 381  605
 381  606
 381  607
 380  608
 379  609
 378  609
 377  609
 376  610
 375  610
 374  610
 373  610
 372  609
 371  609
 370  609
 370  608
 370  607
 370  606
 369  605
 368  605
 367  605
 366  605
 365  605
 364  605
 363  605
 362  605
 361  605
 360  605
 359  605
 358  605
 357  605
 356  605
 355  605
 354  605
 353  605
 352  605
 351  605
 350  606
 349  606
 348  606
 347  606
 346  606
 345  607
 345  608
 344  609
 343  610
 342  611
 342  612
 342  613
 343  614
 343  615
 344  616
 345  617
 345  618
 345  619
 346  620
 347  621
 348  622
 349  623
 350  624
 351  625
 351  626
 351  627
 351  628
 350  629
 350  630
 349  631
 348  632
 347  633
 347  634
 346  634
 345  635
 344  636
 343  637
 343  638
 343  639
 343  640
 342  641
 341  642
 341  643
 340  643
 339  643
 338  643
 337  643
 336  643
 335  642
 334  641
 333  640
 332  640
 331  640
 330  641
 329  641
 328  641
 327  641
 326  642
 325  642
 324  642
 323  642
 323  641
 322  640
 321  640
 320  640
 319  640
 318  640
 317  640
 316  640
 315  640
 314  640
 313  641
 312  642
 312  643
 312  644
 312  645
 312  646
 312  647
 311  648
 310  649
 309  650
 308  650
 307  649
 306  649
 305  649
 304  650
 303  651
 303  652
 302  653
 302  654
 302  655
 302  656
 301  657
 301  658
 300  658
 299  658
 298  658
 297  658
 296  658
 295  657
 295  656
 294  655
 294  654
 294  653
 293  652
 293  651
 293  650
 293  649
 293  648
 294  647
 294  646
 295  645
 295  644
 296  643
 296  642
 297  641
 298  640
 299  639
 299  638
 299  637
 300  636
 300  635
 300  634
 300  633
 300  632
 299  631
 299  630
 298  629
 297  629
 296  629
 295  628
 294  628
 293  628
 292  628
 291  628
 290  628
 289  628
 288  628
 287  628
 286  628
 285  629
 284  630
 283  630
 282  631
 281  631
 280  632
 279  633
 278  634
 277  635
 277  636
 276  637
 275  637
 274  638
 273  639
 272  640
 271  641
 271  642
 270  643
 271  644
 271  645
 270  645
 269  646
 268  646
 267  646
 266  646
 265  646
 264  646
 263  645
 262  644
 261  643
 260  642
 259  641
 258  641
 257  641
 256  641
 255  641
 254  641
 253  641
 252  640
 251  641
 250  641
 249  642
 248  643
 247  644
 246  644
 245  644
 245  643
 244  642
 244  641
 244  640
 244  639
 243  638
 242  638
 241  637
 240  637
 239  637
 238  637
 237  636
 236  636
 235  636
 234  636
 233  637
 232  637
 231  637
 230  637
 229  638
 228  638
 227  638
 226  639
 227  638
 227  637
 228  637
 229  636
 228  635
 227  635
 226  635
 225  634
 224  633
 223  632
 222  632
 221  632
 220  631
 219  630
 218  630
 217  630
 216  629
 215  629
 214  629
 213  628
 212  628
 211  627
 210  627
 209  627
 208  627
 207  626
 618  667
 618  666
 617  665
 616  664
 615  664
 614  664
 613  663
 612  663
 611  663
 610  664
 609  665
 608  666
 607  667
 606  667
 605  668
 604  668
 603  668
 602  668
 601  667
 600  667
 600  666
 600  665
 599  664
 599  663
 600  662
 600  661
 601  660
 601  659
 601  658
 601  657
 602  656
 602  655
 602  654
 602  653
 602  652
 602  651
 602  650
 602  649
 602  648
 602  647
 602  646
 602  645
 602  644
 602  643
 602  642
 602  641
 602  640
 602  639
 601  638
 600  637
 599  637
 598  637
 597  637
 596  637
 595  637
 594  637
 593  637
 592  637
 591  637
 590  637
 589  637
 588  637
 588  636
 587  635
 587  634
 587  633
 587  632
 588  632
 589  631
 589  630
 589  629
 588  628
 587  627
 586  627
 585  627
 584  627
 583  627
 582  627
 581  627
 580  628
 579  628
 578  628
 577  628
 576  628
 575  627
 575  626
 575  625
 575  624
 575  623
 575  622
 575  621
 574  620
 574  619
 574  618
 574  617
 574  616
 575  615
 575  614
 575  613
 576  613
 577  612
 578  611
 579  611
 580  611
 581  610
 582  610
 583  610
 584  609
 584  608
 585  607
 585  606
 585  605
 584  604
 584  603
 583  602
 582  601
 581  600
 580  599
 580  598
 579  597
 579  596
 578  595
 578  594
 577  593
 576  592
 575  591
 574  590
 573  589
 572  589
 571  588
 570  588
 569  588
 568  588
 567  588
 566  588
 565  588
 564  588
 563  588
 562  589
 561  590
 560  591
 560  592
 559  593
 559  594
 558  595
 558  596
 557  596
 556  596
 555  596
 554  596
 553  596
 552  596
 551  596
 550  596
 549  596
 548  597
 547  598
 546  598
 545  598
 544  599
 543  599
 542  599
 541  598
 540  598
 539  598
 538  598
 537  598
 536  598
 535  598
 534  597
 533  597
 532  597
 531  597
 530  596
 529  597
 528  597
 527  598
 526  598
 525  599
 524  599
 523  600
 522  601
 521  601
 520  602
 519  603
 518  604
 517  604
 516  605
 516  606
 516  607
 516  608
 516  609
 515  610
 515  611
 515  612
 515  613
 515  614
 515  615
 515  616
 516  617
 517  618
 518  619
 518  620
 519  621
 520  622
 521  623
 522  624
 523  625
 524  626
 524  627
 525  628
 524  629
 523  629
 522  629
 521  628
 520  628
 519  628
 518  629
 518  630
 518  631
 518  632
 518  633
 518  634
 518  635
 518  636
 518  637
 519  638
 519  639
 520  640
 520  641
 520  642
 519  643
 518  643
 517  644
 516  645
 515  645
 514  644
 514  643
 513  642
 513  641
 513  640
 513  639
 513  638
 512  637
 512  636
 512  635
 511  634
 511  633
 511  632
 511  631
 511  630
 510  629
 510  628
 510  627
 510  626
 510  625
 510  624
 510  623
 510  622
 510  621
 510  620
 510  619
 510  618
 510  617
 510  616
 510  615
 510  614
 509  613
 509  612
 509  611
 508  610
 508  609
 507  608
 508  607
 509  606
 509  605
 509  604
 509  603
 508  602
 508  601
 507  600
 506  600
 505  600
 504  600
 503  600
 502  600
 501  601
 500  602
 499  603
 498  604
 497  605
 496  606
 495  606
 494  607
 493  607
 492  608
 491  608
 490  609
 489  610
 489  611
 489  612
 488  613
 487  614
 487  615
 487  616
 486  617
 485  616
 484  615
 483  614
 483  613
 483  612
 482  611
 481  610
 481  609
 480  608
 479  607
 478  607
 477  607
 476  607
 475  607
 474  607
 473  607
 472  607
 471  607
 470  607
 469  606
 468  605
 468  604
