   x    y
 207  626
 208  626
 209  626
 210  626
 211  626
 212  626
 213  626
 214  626
 215  626
 216  627
 217  626
 218  625
 219  624
 220  624
 221  625
 222  625
 223  625
 224  625
 225  625
 226  625
 227  625
 228  625
 229  625
 230  626
 231  627
 232  627
 233  628
 234  629
 235  629
 236  629
 237  629
 238  629
 239  629
 240  629
 241  629
 242  629
 243  629
 244  629
 245  629
 246  630
 247  631
 248  632
 249  632
 250  632
 251  632
 252  632
 253  632
 254  632
 255  631
 255  630
 255  629
 255  628
 255  627
 255  626
 254  625
 253  624
 252  623
 251  623
 250  622
 249  622
 248  621
 247  621
 246  620
 245  620
 244  620
 243  620
 242  620
 241  619
 240  618
 239  618
 239  617
 238  616
 237  616
 236  615
 235  615
 235  614
 234  613
 234  612
 234  611
 233  610
 232  609
 231  608
 230  607
 229  606
 228  606
 227  605
 227  604
 226  603
 226  602
 227  601
 227  600
 227  599
 227  598
 227  597
 228  596
 229  595
 230  595
 231  594
 232  593
 233  593
 234  593
 235  592
 236  592
 237  591
 238  591
 239  591
 240  590
 241  589
 242  589
 243  589
 244  589
 245  589
 246  588
 247  588
 248  588
 249  587
 250  586
 250  585
 251  584
 252  583
 253  582
 253  581
 254  580
 255  580
 256  580
 257  580
 258  580
 258  581
 258  582
 258  583
 258  584
 259  585
 259  586
 260  587
 261  587
 262  588
 263  588
 264  588
 265  589
 266  590
 267  590
 267  591
 267  592
 267  593
 267  594
 267  595
 267  596
 266  597
 266  598
 266  599
 266  600
 266  601
 266  602
 266  603
 266  604
 265  605
 265  606
 265  607
 265  608
 265  609
 265  610
 265  611
 265  612
 265  613
 265  614
 265  615
 265  616
 266  617
 267  616
 268  616
 269  616
 270  615
 271  615
 272  615
 273  615
 274  614
 275  613
 276  612
 277  611
 278  611
 279  610
 280  609
 281  608
 282  608
 283  607
 284  606
 285  606
 286  605
 287  605
 288  605
 289  605
 290  604
 291  604
 292  604
 293  603
 294  603
 295  604
 296  604
 297  604
 298  604
 299  603
 300  602
 301  602
 302  602
 303  602
 304  601
 304  600
 305  599
 305  598
 305  597
 306  596
 307  596
 308  595
 309  594
 309  593
 310  592
 311  591
 312  590
 313  589
 314  589
 315  589
 316  589
 317  589
 318  589
 319  588
 319  587
 319  586
 319  585
 320  584
 321  583
 321  582
 321  581
 321  580
 321  579
 321  578
 321  577
 322  576
 323  575
 324  575
 324  576
 324  577
 324  578
 324  579
 324  580
 325  581
 326  581
 327  581
 328  581
 328  582
 328  583
 328  584
 328  585
 328  586
 329  587
 330  588
 331  588
 332  588
 333  588
 334  588
 335  588
 336  588
 337  588
 338  588
 339  588
 340  588
 341  588
 342  588
 343  588
 344  588
 345  587
 346  587
 347  586
 348  585
 349  584
 350  584
 351  583
 352  582
 353  581
 353  580
 353  579
 354  578
 353  577
 353  576
 352  575
 351  574
 350  573
 350  572
 350  571
 350  570
 351  569
 350  568
 350  567
 349  566
 349  565
 348  564
 347  563
 346  562
 345  561
 344  560
 343  559
 342  558
 341  558
 340  557
 339  556
 338  555
 337  554
 337  553
 336  552
 336  551
 336  550
 335  549
 334  548
 333  547
 332  547
 331  546
 330  545
 329  545
 328  544
 327  544
 326  544
 326  543
 325  542
 324  542
 323  542
 322  542
 321  542
 320  543
 319  543
 318  543
 317  544
 316  545
 316  546
 315  547
 315  548
 315  549
 314  550
 314  551
 313  552
 312  553
 312  554
 312  555
 312  556
 312  557
 311  558
 311  559
 310  560
 310  561
 310  562
 310  563
 310  564
 310  565
 310  566
 309  567
 308  568
 307  568
 306  568
 305  569
 304  570
 303  570
 302  570
 301  569
 300  569
 299  569
 298  570
 297  571
 296  571
 295  572
 294  573
 293  574
 292  574
 291  575
 290  575
 289  575
 288  574
 288  573
 287  572
 286  572
 285  572
 284  572
 283  572
 282  572
 281  572
 280  571
 279  570
 278  569
 277  569
 276  569
 275  569
 274  569
 273  568
 272  569
 271  569
 270  569
 269  569
 268  569
 267  569
 267  568
 267  567
 267  566
 268  566
 269  565
 269  564
 270  563
 271  563
 272  562
 273  562
 274  562
 275  562
 276  561
 277  561
 278  560
 279  560
 280  559
 281  559
 282  559
 283  558
 284  558
 285  558
 286  558
 287  557
 288  556
 289  555
 290  555
 291  554
 292  553
 293  552
 293  551
 293  550
 292  549
 292  548
 293  547
 293  546
 294  545
 295  544
 296  544
 297  543
 297  542
 298  541
 298  540
 298  539
 299  538
 298  537
 298  536
 298  535
 297  534
 296  533
 296  532
 295  531
 295  530
 295  529
 295  528
 294  527
 293  527
 292  526
 291  526
 290  525
 289  524
 288  523
 287  522
 286  522
 285  521
 285  520
 285  519
 284  518
 283  517
 283  516
 282  515
 281  514
 281  513
 282  513
 283  512
 284  512
 285  512
 286  512
 287  512
 288  512
 289  513
 290  514
 291  514
 292  514
 293  513
 293  512
 294  511
 295  510
 296  509
 297  508
 298  507
 299  507
 300  507
 301  507
 301  508
 301  509
 300  510
 299  511
 299  512
 298  513
 298  514
 298  515
 298  516
 298  517
 298  518
 298  519
 299  520
 299  521
 300  522
 301  523
 302  524
 303  525
 304  526
 305  527
 306  527
 307  528
 308  529
 309  530
 310  530
 311  531
 312  532
 313  533
 314  534
 315  534
 316  535
 317  535
 318  535
 319  535
 320  534
 321  534
 322  534
 323  535
 324  535
 325  535
 326  535
 327  535
 328  535
 329  535
 330  535
 331  535
 332  535
 333  535
 334  534
 335  533
 335  532
 336  531
 337  530
 338  529
 339  529
 340  529
 341  529
 341  530
 341  531
 341  532
 341  533
 340  534
 339  535
 338  535
 337  536
 338  537
 337  538
 337  539
 337  540
 337  541
 338  542
 338  543
 339  544
 340  545
 341  546
 342  547
 342  548
 343  549
 344  550
 345  551
 346  552
 347  552
 348  553
 349  554
 350  555
 351  556
 352  556
 353  556
 354  556
 355  556
 356  556
 357  556
 358  556
 359  555
 360  554
 360  553
 360  552
 361  551
 361  550
 362  549
 362  548
 363  547
 363  546
 364  545
 363  544
 364  543
 364  542
 365  541
 366  541
 367  541
 368  540
 369  540
 370  540
 371  540
 372  539
 373  538
 374  537
 374  536
 375  535
 376  535
 377  534
 378  534
 379  533
 379  532
 380  531
 380  530
 381  529
 381  528
 382  527
 383  526
 384  526
 385  525
 386  525
 387  524
 387  523
 387  522
 388  521
 389  520
 389  519
 390  518
 391  517
 392  517
 393  517
 394  517
 395  518
 396  518
 396  519
 397  520
 398  521
 399  521
 400  521
 401  521
 402  521
 403  521
 404  521
 405  521
 406  521
 407  521
 408  521
 409  521
 410  521
 410  522
 411  523
 411  524
 412  525
 413  526
 414  527
 415  527
 416  528
 417  528
 418  529
 419  529
 420  530
 421  530
 422  531
 423  532
 423  533
 423  534
 423  535
 423  536
 422  537
 421  537
 420  537
 419  538
 418  538
 417  538
 416  539
 416  540
 415  540
 414  541
 414  542
 414  543
 414  544
 413  544
 412  543
 412  542
 411  541
 410  542
 409  542
 408  542
 407  543
 407  544
 407  545
 406  546
 405  546
 404  546
 403  546
 402  546
 401  546
 400  547
 399  548
 398  548
 397  549
 396  550
 396  551
 396  552
 396  553
 397  554
 397  555
 398  556
 398  557
 398  558
 398  559
 397  560
 396  561
 396  562
 396  563
 396  564
 396  565
 395  566
 395  567
 395  568
 395  569
 396  570
 397  571
 398  571
 399  572
 400  572
 400  573
 399  574
 399  575
 398  575
 397  576
 396  576
 395  577
 395  578
 394  579
 394  580
 393  581
 393  582
 392  583
 392  584
 391  585
 391  586
 391  587
 391  588
 391  589
 391  590
 391  591
 390  592
 390  593
 390  594
 390  595
 390  596
 389  597
 389  598
 388  599
 387  599
 386  598
 385  598
 384  598
 383  599
 382  600
 382  601
 381  602
 381  603
 380  604
 381  605
 381  606
 381  607
 380  608
 379  609
 378  609
 377  609
 376  610
 375  610
 374  610
 373  610
 372  609
 371  609
 370  609
 370  608
 370  607
 370  606
 369  605
 368  605
 367  605
 366  605
 365  605
 364  605
 363  605
 362  605
 361  605
 360  605
 359  605
 358  605
 357  605
 356  605
 355  605
 354  605
 353  605
 352  605
 351  605
 350  606
 349  606
 348  606
 347  606
 346  606
 345  607
 345  608
 344  609
 343  610
 342  611
 342  612
 342  613
 343  614
 343  615
 344  616
 345  617
 345  618
 345  619
 346  620
 347  621
 348  622
 349  623
 350  624
 351  625
 351  626
 351  627
 351  628
 350  629
 350  630
 349  631
 348  632
 347  633
 347  634
 346  634
 345  635
 344  636
 343  637
 343  638
 343  639
 343  640
 342  641
 341  642
 341  643
 340  643
 339  643
 338  643
 337  643
 336  643
 335  642
 334  641
 333  640
 332  640
 331  640
 330  641
 329  641
 328  641
 327  641
 326  642
 325  642
 324  642
 323  642
 323  641
 322  640
 321  640
 320  640
 319  640
 318  640
 317  640
 316  640
 315  640
 314  640
 313  641
 312  642
 312  643
 312  644
 312  645
 312  646
 312  647
 311  648
 310  649
 309  650
 308  650
 307  649
 306  649
 305  649
 304  650
 303  651
 303  652
 302  653
 302  654
 302  655
 302  656
 301  657
 301  658
 300  658
 299  658
 298  658
 297  658
 296  658
 295  657
 295  656
 294  655
 294  654
 294  653
 293  652
 293  651
 293  650
 293  649
 293  648
 294  647
 294  646
 295  645
 295  644
 296  643
 296  642
 297  641
 298  640
 299  639
 299  638
 299  637
 300  636
 300  635
 300  634
 300  633
 300  632
 299  631
 299  630
 298  629
 297  629
 296  629
 295  628
 294  628
 293  628
 292  628
 291  628
 290  628
 289  628
 288  628
 287  628
 286  628
 285  629
 284  630
 283  630
 282  631
 281  631
 280  632
 279  633
 278  634
 277  635
 277  636
 276  637
 275  637
 274  638
 273  639
 272  640
 271  641
 271  642
 270  643
 271  644
 271  645
 270  645
 269  646
 268  646
 267  646
 266  646
 265  646
 264  646
 263  645
 262  644
 261  643
 260  642
 259  641
 258  641
 257  641
 256  641
 255  641
 254  641
 253  641
 252  640
 251  641
 250  641
 249  642
 248  643
 247  644
 246  644
 245  644
 245  643
 244  642
 244  641
 244  640
 244  639
 243  638
 242  638
 241  637
 240  637
 239  637
 238  637
 237  636
 236  636
 235  636
 234  636
 233  637
 232  637
 231  637
 230  637
 229  638
 228  638
 227  638
 226  639
 227  638
 227  637
 228  637
 229  636
 228  635
 227  635
 226  635
 225  634
 224  633
 223  632
 222  632
 221  632
 220  631
 219  630
 218  630
 217  630
 216  629
 215  629
 214  629
 213  628
 212  628
 211  627
 210  627
 209  627
 208  627
 207  626
 618  667
 618  666
 617  665
 616  664
 615  664
 614  664
 613  663
 612  663
 611  663
 610  664
 609  665
 608  666
 607  667
 606  667
 605  668
 604  668
 603  668
 602  668
 601  667
 600  667
 600  666
 600  665
 599  664
 599  663
 600  662
 600  661
 601  660
 601  659
 601  658
 601  657
 602  656
 602  655
 602  654
 602  653
 602  652
 602  651
 602  650
 602  649
 602  648
 602  647
 602  646
 602  645
 602  644
 602  643
 602  642
 602  641
 602  640
 602  639
 601  638
 600  637
 599  637
 598  637
 597  637
 596  637
 595  637
 594  637
 593  637
 592  637
 591  637
 590  637
 589  637
 588  637
 588  636
 587  635
 587  634
 587  633
 587  632
 588  632
 589  631
 589  630
 589  629
 588  628
 587  627
 586  627
 585  627
 584  627
 583  627
 582  627
 581  627
 580  628
 579  628
 578  628
 577  628
 576  628
 575  627
 575  626
 575  625
 575  624
 575  623
 575  622
 575  621
 574  620
 574  619
 574  618
 574  617
 574  616
 575  615
 575  614
 575  613
 576  613
 577  612
 578  611
 579  611
 580  611
 581  610
 582  610
 583  610
 584  609
 584  608
 585  607
 585  606
 585  605
 584  604
 584  603
 583  602
 582  601
 581  600
 580  599
 580  598
 579  597
 579  596
 578  595
 578  594
 577  593
 576  592
 575  591
 574  590
 573  589
 572  589
 571  588
 570  588
 569  588
 568  588
 567  588
 566  588
 565  588
 564  588
 563  588
 562  589
 561  590
 560  591
 560  592
 559  593
 559  594
 558  595
 558  596
 557  596
 556  596
 555  596
 554  596
 553  596
 552  596
 551  596
 550  596
 549  596
 548  597
 547  598
 546  598
 545  598
 544  599
 543  599
 542  599
 541  598
 540  598
 539  598
 538  598
 537  598
 536  598
 535  598
 534  597
 533  597
 532  597
 531  597
 530  596
 529  597
 528  597
 527  598
 526  598
 525  599
 524  599
 523  600
 522  601
 521  601
 520  602
 519  603
 518  604
 517  604
 516  605
 516  606
 516  607
 516  608
 516  609
 515  610
 515  611
 515  612
 515  613
 515  614
 515  615
 515  616
 516  617
 517  618
 518  619
 518  620
 519  621
 520  622
 521  623
 522  624
 523  625
 524  626
 524  627
 525  628
 524  629
 523  629
 522  629
 521  628
 520  628
 519  628
 518  629
 518  630
 518  631
 518  632
 518  633
 518  634
 518  635
 518  636
 518  637
 519  638
 519  639
 520  640
 520  641
 520  642
 519  643
 518  643
 517  644
 516  645
 515  645
 514  644
 514  643
 513  642
 513  641
 513  640
 513  639
 513  638
 512  637
 512  636
 512  635
 511  634
 511  633
 511  632
 511  631
 511  630
 510  629
 510  628
 510  627
 510  626
 510  625
 510  624
 510  623
 510  622
 510  621
 510  620
 510  619
 510  618
 510  617
 510  616
 510  615
 510  614
 509  613
 509  612
 509  611
 508  610
 508  609
 507  608
 508  607
 509  606
 509  605
 509  604
 509  603
 508  602
 508  601
 507  600
 506  600
 505  600
 504  600
 503  600
 502  600
 501  601
 500  602
 499  603
 498  604
 497  605
 496  606
 495  606
 494  607
 493  607
 492  608
 491  608
 490  609
 489  610
 489  611
 489  612
 488  613
 487  614
 487  615
 487  616
 486  617
 485  616
 484  615
 483  614
 483  613
 483  612
 482  611
 481  610
 481  609
 480  608
 479  607
 478  607
 477  607
 476  607
 475  607
 474  607
 473  607
 472  607
 471  607
 470  607
 469  606
 468  605
 468  604
