   x    y
 617  554
 618  553
 618  552
 619  551
 620  550
 621  549
 622  548
 622  547
 622  546
 622  545
 623  544
 624  543
 625  543
 626  543
 627  543
 628  542
 629  542
 630  542
 631  542
 632  542
 633  542
 634  541
 635  541
 636  541
 637  542
 638  542
 639  543
 639  544
 639  545
 640  546
 640  547
 640  548
 640  549
 641  550
 642  551
 643  551
 644  551
 645  551
 646  550
 647  550
 648  549
 649  548
 649  547
 650  546
 650  545
 650  544
 650  543
 650  542
 651  541
 652  541
 653  541
 654  540
 655  540
 656  540
 657  540
 658  539
 659  538
 660  538
 661  537
 662  537
 663  536
 664  535
 665  535
 666  535
 667  534
 668  534
 669  533
 670  532
 671  532
 672  532
 673  532
 674  532
 675  533
 676  533
 676  534
 675  535
 674  536
 673  536
 672  537
 671  538
 670  538
 669  539
 668  539
 667  540
 666  541
 665  541
 664  542
 663  543
 662  544
 662  545
 661  546
 660  547
 659  548
 658  548
 657  549
 656  549
 655  550
 654  551
 654  552
 654  553
 654  554
 654  555
 654  556
 654  557
 654  558
 654  559
 654  560
 654  561
 654  562
 654  563
 654  564
 654  565
 653  566
 652  566
 651  567
 650  568
 649  568
 648  567
 647  566
 646  565
 645  565
 644  565
 643  565
 642  565
 641  566
 640  566
 639  566
 638  566
 637  566
 636  566
 635  566
 634  566
 633  566
 632  565
 631  565
 630  564
 629  563
 628  563
 627  562
 626  561
 625  560
 624  560
 623  559
 622  559
 621  558
 620  558
 619  557
 618  557
 618  556
 617  555
 617  554
 665  464
 664  465
 663  466
 662  466
 661  467
 660  468
 659  469
 658  470
 657  471
 657  472
 656  473
 655  474
 655  475
 654  476
 654  477
 653  478
 652  479
 651  480
 650  480
 649  481
 648  482
 648  483
 647  484
 646  485
 646  486
 646  487
 646  488
 645  489
 645  490
 645  491
 645  492
 645  493
 645  494
 645  495
 645  496
 645  497
 645  498
 645  499
 645  500
 645  501
 646  502
 646  503
 645  504
 644  503
 644  502
 643  501
 642  501
 641  501
 640  501
 639  501
 638  502
 637  503
 636  504
 636  505
 636  506
 636  507
 636  508
 636  509
 636  510
 636  511
 637  512
 638  513
 639  513
 640  514
 641  515
 642  516
 642  517
 642  518
 642  519
 641  520
 640  521
 639  521
 638  521
 637  521
 636  520
 635  519
 634  518
 633  517
 632  516
 631  517
 630  517
 629  518
 628  518
 627  519
 626  520
 625  520
 624  521
 623  522
 622  523
 621  524
 620  525
 620  526
 619  527
 619  528
 618  529
 618  530
 618  531
 618  532
 618  533
 618  534
 617  535
 616  536
 615  537
 614  538
 613  539
 612  540
 611  540
 610  541
 609  541
 608  541
 607  541
 606  541
 605  541
 604  541
 603  540
 602  540
 601  539
 601  538
 601  537
 635  353
 634  353
 633  354
 632  355
 631  355
 630  355
 629  356
 628  356
 627  357
 626  357
 625  358
 624  359
 623  359
 622  360
 621  360
 620  360
 619  360
 618  359
 618  358
 617  357
 617  356
 617  355
 617  354
 617  353
 616  352
 615  352
 615  351
 614  350
 613  349
 612  348
 612  347
 612  346
 611  345
 610  345
 609  345
 608  345
 607  345
 606  345
 605  346
 604  347
 604  348
 605  349
 606  350
 607  351
 608  351
 609  352
 610  353
 610  354
 610  355
 610  356
 610  357
 610  358
 611  359
 612  360
 613  361
 614  361
 615  361
 616  360
 616  361
 617  362
 617  363
 616  364
 615  365
 615  366
 614  367
 613  367
 612  367
 611  367
 610  367
 609  367
 608  366
 607  365
 606  364
 605  364
 604  364
 603  363
 602  363
 601  363
 600  363
 599  363
 598  363
 598  362
 597  361
 597  360
 597  359
 597  358
 597  357
 597  356
 597  355
 597  354
 597  353
 530  546
 530  545
 529  544
 529  543
 433  519
 432  519
 431  520
 430  520
 429  521
 428  521
 427  521
 426  522
 425  521
 424  521
 423  521
 422  521
 421  521
 420  521
 419  521
 418  520
 417  520
 416  519
 415  519
 414  519
 413  519
 412  519
 411  520
 410  521
 410  522
 409  523
 408  524
 407  524
 406  524
 405  525
 404  525
 403  525
 403  524
 402  523
 402  522
 402  521
 385  445
 386  444
 386  443
 385  442
 384  441
 383  440
 382  440
 381  439
 381  438
 380  437
 379  437
 378  436
 377  435
 376  435
 375  434
 374  433
 373  433
 372  432
 371  431
 371  430
 371  429
 370  428
 370  427
 370  426
 370  425
 369  424
 368  423
 367  423
 366  423
 365  424
 365  425
 365  426
 365  427
 364  428
 364  429
 364  430
 364  431
 364  432
 364  433
 364  434
 364  435
 364  436
 364  437
 364  438
 364  439
 364  440
 364  441
 364  442
 364  443
 364  444
 364  445
 364  446
 364  447
 365  448
 365  449
 365  450
 366  451
 366  452
 366  453
 366  454
 366  455
 366  456
 366  457
 366  458
 366  459
 366  460
 366  461
 365  462
 365  463
 365  464
 365  465
 365  466
 366  467
 366  468
 366  469
 366  470
 366  471
 366  472
 366  473
 366  474
 366  475
 366  476
 366  477
 366  478
 366  479
 366  480
 366  481
 366  482
 366  483
 366  484
 366  485
 366  486
 366  487
 366  488
 366  489
 366  490
 366  491
 366  492
 366  493
 365  494
 365  495
 365  496
 365  497
 365  498
 365  499
 365  500
 365  501
 365  502
 365  503
 365  504
 365  505
 364  506
 364  507
 363  508
 363  509
 363  510
 362  511
 361  512
 360  513
 359  513
 358  513
 357  512
 356  511
 356  510
 355  509
 355  508
 355  507
 356  506
 357  506
 358  507
 359  508
 360  508
 361  507
 361  506
 362  505
 362  504
 362  503
 362  502
 362  501
 362  500
 362  499
 362  498
 362  497
 362  496
 362  495
 362  494
 362  493
 362  492
 362  491
 362  490
 362  489
 362  488
 362  487
 362  486
 362  485
 362  484
 362  483
 362  482
 362  481
 362  480
 362  479
 362  478
 362  477
 362  476
 361  475
 361  474
 361  473
 360  472
 359  471
 359  470
 358  469
 358  468
 358  467
 358  466
 358  465
 358  464
 358  463
 359  462
 359  461
 359  460
 359  459
 359  458
 359  457
 359  456
 359  455
 359  454
 359  453
 359  452
 359  451
 359  450
 359  449
 359  448
 359  447
 358  446
 358  445
 357  444
 357  443
 357  442
 357  441
 357  440
 357  439
 357  438
 357  437
 357  436
 357  435
 357  434
 357  433
 357  432
 357  431
 357  430
 356  429
 355  428
 355  427
 355  426
 355  425
 354  424
 353  423
 352  422
 351  421
 350  420
 350  419
 349  418
 349  417
 349  416
 349  415
 350  414
 349  413
 349  412
 348  411
 347  410
 347  409
 346  408
 345  408
 344  408
 343  408
 342  409
 341  409
 340  410
 339  410
 338  411
 338  412
 337  413
 336  414
 336  415
 335  416
 335  417
 334  418
 334  419
 334  420
 334  421
 334  422
 334  423
 334  424
 333  425
 333  426
 333  427
 333  428
 333  429
 333  430
 332  431
 332  432
 331  433
 331  434
 330  435
 330  436
 330  437
 330  438
 330  439
 329  440
 329  441
 328  442
 328  443
 328  444
 328  443
 328  442
 328  441
 328  440
 328  439
 328  438
 328  437
 328  436
 328  435
 328  434
 474  374
 474  373
 475  372
 475  371
 475  370
 476  369
 477  369
 478  368
 478  367
 479  366
 479  365
 478  364
 478  363
 477  362
 477  361
 476  360
 476  359
 475  358
 474  357
 473  356
 473  355
 473  354
 473  353
 473  352
 473  351
 473  350
 473  349
 473  348
 474  347
 475  347
 476  346
 477  346
 478  346
 479  346
 480  346
 480  347
 481  348
 482  348
 483  348
 484  347
 485  348
 486  349
 487  349
 488  348
 488  347
 489  346
 489  345
 489  344
 489  343
 490  342
 490  341
 490  340
 490  339
 491  338
 492  337
 493  336
 494  335
 495  335
 496  334
 497  333
 498  333
 499  333
 500  333
 501  333
 502  334
 502  335
 503  336
 503  337
 503  338
 503  339
 503  340
 503  341
 503  342
 503  343
 503  344
 503  345
 503  346
 503  347
 503  348
 503  349
 502  350
 502  351
 502  352
 502  353
 503  354
 503  355
 503  356
 503  357
 504  358
 505  358
 506  358
 507  357
 508  357
 509  357
 510  357
 511  357
 512  356
 513  355
 513  354
 513  353
 513  352
 514  351
 514  350
 515  349
 515  348
 516  347
 516  346
 517  345
 518  344
 518  343
 519  342
 520  342
 521  342
 521  343
 522  344
 523  345
 524  345
 525  346
 526  347
 527  348
 528  349
 529  349
 530  350
 531  350
 532  350
 533  350
 534  350
 535  350
 536  350
 537  350
 538  349
 538  348
 539  347
 540  346
 540  345
 541  344
 541  343
 541  342
 541  341
 541  340
 541  339
 541  338
 540  337
 540  336
 540  335
 540  334
 539  333
 539  332
 538  331
 538  330
 538  329
 537  328
 537  327
 537  326
 537  325
 537  324
 537  323
 538  323
 539  322
 540  321
 540  320
 540  319
 540  318
 540  317
 541  316
 541  315
 542  314
 543  314
 544  314
 545  314
 546  313
 547  312
 547  311
 548  310
 548  309
 549  308
 549  307
 549  306
 550  305
 550  304
 550  303
 551  302
 551  301
 552  301
 553  301
 554  301
 555  301
 556  300
 557  300
 558  299
 559  298
 560  298
 561  297
 562  296
 563  295
 564  295
 565  294
 566  294
 567  293
 568  292
 569  291
 570  290
 571  289
 572  288
 573  288
 574  288
 575  288
 576  287
 577  287
 578  286
 579  286
 580  286
 581  286
 582  286
 582  287
 582  288
 582  289
 582  290
 582  291
 582  292
 582  293
 583  294
 583  295
 583  296
 583  297
 583  298
 583  299
 583  300
 583  301
 584  302
 584  303
 585  304
 585  305
 585  306
 586  307
 586  308
 586  309
 586  310
 586  311
 587  312
 587  313
 587  314
 587  315
 586  316
 586  317
 585  317
 584  317
 583  317
 582  318
 581  319
 581  320
 580  321
 580  322
 579  323
 578  324
 578  325
 577  326
 576  327
 575  328
 574  329
 573  330
 573  331
 572  332
 572  333
 572  334
 572  335
 571  336
 571  337
 571  338
 571  339
 571  340
 571  341
 571  342
 571  343
 572  344
 573  345
 574  345
 575  345
 576  346
 577  347
 578  347
 579  348
 580  348
 581  349
 582  349
 583  349
 584  349
 585  349
 586  348
 587  348
 588  347
 589  347
 590  346
 590  345
 591  344
 592  343
 593  342
 593  341
 593  340
 593  339
 593  338
 593  337
 593  336
 593  335
 593  334
 594  334
 595  333
 596  332
 597  331
 597  330
 598  329
 599  328
 600  327
 601  326
 602  325
 603  324
 604  323
 605  322
 606  322
 607  321
 608  320
 609  319
 610  318
 610  317
 611  316
 611  315
 612  314
 612  313
 613  312
 614  311
 615  310
 616  309
 617  308
 618  308
 619  307
 620  306
 621  305
 622  304
 622  303
 623  302
 624  302
 625  301
 625  300
 626  299
 627  298
 628  297
 629  297
 630  296
 631  296
 632  295
 633  296
 634  296
 635  297
 636  298
 637  299
 638  299
 638  300
 638  301
 638  302
 638  303
 638  304
 638  305
 638  306
 639  307
 640  306
 641  306
 642  305
 643  304
 644  303
 645  303
 646  303
 647  304
 648  304
 649  305
 650  306
 650  307
 651  308
 652  307
 653  308
 654  309
 654  310
 654  311
 655  312
 656  313
 656  314
 657  315
 658  315
 659  314
 660  314
 661  314
 662  314
 663  315
 664  316
 664  317
 665  318
 665  319
 666  320
 667  321
 667  322
 668  323
 667  324
 666  325
 665  325
 664  325
 663  326
 662  327
 662  328
 662  329
 661  330
 662  331
 663  331
 664  330
 665  330
 666  330
 667  330
 668  330
 669  330
 670  330
 671  330
 672  330
 673  330
 674  329
 675  329
 676  330
 676  331
 676  332
 677  333
 678  334
 679  335
 680  334
 681  333
 681  332
 681  331
 682  330
 682  329
 683  328
 684  327
 684  326
 684  325
 685  324
 686  323
 687  322
 687  321
 688  320
 689  319
 690  319
 691  318
 691  317
 692  316
 693  315
 693  314
 693  313
 693  312
 693  311
 693  310
 693  309
 692  308
 692  307
 691  306
 690  305
 690  304
 691  304
 692  303
 693  303
 694  302
 695  302
 696  302
 697  301
 698  300
 699  300
 700  299
 701  299
 702  299
 703  298
 704  297
 705  296
 705  295
 706  294
 707  293
 708  292
 708  291
 709  290
 710  289
 711  289
 712  288
 713  287
 714  286
 714  285
 714  284
 713  283
 714  282
 714  281
 715  280
 715  279
 715  278
 716  277
 716  276
 717  275
 717  274
 718  273
 719  272
 720  271
 720  270
 721  270
 722  269
 723  269
 724  268
 725  267
 726  266
 727  265
 728  264
 729  263
 729  262
 730  262
 731  261
 732  260
 732  259
 733  259
 734  258
 735  258
 736  258
 737  258
 737  259
 737  260
 736  261
 735  262
 735  263
 735  264
 735  265
 735  266
 735  267
 735  268
 734  269
 735  270
 736  270
 736  271
 737  272
 738  272
 739  272
 740  272
 741  271
 742  271
 743  271
 744  270
 745  270
 746  269
 747  268
 748  268
 749  267
 750  266
 751  265
 752  265
 753  264
 754  263
 755  263
 756  262
 757  262
 758  261
 759  261
 760  260
 761  259
 762  259
 763  258
 764  257
 765  256
 765  255
 766  255
 767  254
 768  253
 769  252
 770  251
 771  250
 772  249
 772  248
 773  247
 774  247
 775  246
 776  245
 776  244
 777  243
 778  243
 779  242
 779  241
 780  240
 781  239
 782  238
 782  237
 783  236
 783  235
 783  234
 784  233
 784  232
 785  231
 786  230
 787  229
 787  228
 788  227
 788  226
 788  225
 789  224
 789  223
 789  222
 789  221
 789  220
 790  219
 790  218
 790  217
 790  216
 791  215
 791  214
 791  213
 792  213
 793  212
 793  211
 794  211
 795  211
 796  211
 797  211
 798  212
 799  213
 799  214
 799  215
 798  216
 798  217
 797  217
 796  218
 796  219
 795  220
 794  221
 794  222
 794  223
 793  224
 793  225
 793  226
 792  227
 792  228
 791  229
 791  230
 791  231
 790  232
 790  233
 790  234
 789  235
 789  236
 789  237
 788  238
 788  239
 787  240
 786  241
 785  242
 785  243
 784  244
 783  245
 782  246
 781  247
 781  248
 781  249
 781  250
 781  251
 781  252
 782  253
 782  254
 783  255
 784  256
 785  256
 786  255
 787  254
 788  254
 789  253
 790  252
 791  251
 792  251
 793  250
 794  249
 795  249
 796  248
 797  247
 798  246
 799  246
 800  245
 801  244
 802  243
 803  243
 804  242
 805  241
 806  240
 807  239
 807  238
 808  237
 809  237
 810  236
 811  236
 812  237
 813  236
 813  237
 813  238
 813  239
 812  240
 811  241
 811  242
 810  243
 809  244
 808  245
 807  245
 806  246
 806  247
 805  247
 804  248
 803  248
 802  249
 801  250
 800  251
 799  251
 798  252
 797  253
 796  254
 795  254
 794  255
 793  255
 792  256
 791  257
 790  257
 789  257
 788  258
 787  258
 786  259
 785  260
 784  260
 783  261
 783  262
 782  262
 781  262
 780  263
 779  264
 778  264
 777  264
 776  264
 775  264
 774  264
 773  264
 772  265
 771  265
 770  266
 769  267
 768  267
 767  268
 766  268
 765  268
 764  268
 763  268
 762  268
 761  269
 760  269
 759  269
 758  270
 757  270
 756  271
 755  271
 754  272
 753  273
 752  273
 751  274
 750  274
 749  275
 748  276
 747  276
 746  277
 745  278
 744  278
 743  279
 742  280
 741  280
 740  281
 739  282
 738  283
 737  284
 736  285
 735  286
 735  287
 734  288
 734  289
 734  290
 734  291
 734  292
 734  293
 734  294
 733  295
 732  296
 732  297
 732  298
 732  299
 732  300
 732  301
 731  302
 731  303
 730  304
 729  305
 728  306
 727  307
 726  308
 725  309
 725  310
 726  311
 727  311
 727  312
 727  313
 728  314
 729  313
 730  312
 730  311
 731  310
 732  310
 733  310
 734  310
 734  311
 733  312
 733  313
 733  314
 733  315
 733  316
 733  317
 733  318
 732  319
 732  320
 732  321
 732  322
 732  323
 732  324
 731  325
 730  326
 730  327
 729  328
 729  329
 729  330
 728  331
 728  332
 728  333
 728  334
 729  335
 729  336
 729  337
 729  338
 730  339
 730  340
 731  341
 732  341
 733  342
 734  342
 735  343
 736  344
 737  345
 737  346
 738  347
 738  348
 737  349
 736  349
 735  349
 734  349
 733  348
 732  348
 731  347
 730  346
 729  345
 728  345
 727  345
 726  344
 725  344
 724  344
 723  344
 722  344
 721  344
 720  344
 719  344
 718  343
 718  342
 718  341
 718  340
 718  339
 719  338
 719  337
 719  336
 719  335
 718  334
 717  333
 716  333
 715  333
 714  333
 713  334
 712  335
 711  336
 710  337
 710  338
 709  339
 709  340
 709  341
 708  342
 708  343
 707  344
 706  345
 705  345
 704  346
 703  346
 702  346
 701  347
 700  347
 699  347
 698  348
 697  349
 697  350
 697  351
 696  352
 696  353
 696  354
 696  355
 696  356
 695  357
 695  358
 695  359
 694  360
 694  361
 694  362
 693  363
 693  364
 692  365
 692  366
 691  367
 691  368
 690  368
 689  369
 688  370
 687  371
 686  371
 685  372
 684  373
 684  374
 684  375
 684  376
 684  377
 684  378
 684  379
 684  380
 684  381
 684  382
 684  383
 683  383
 682  383
 681  383
 680  383
 679  383
 678  383
 677  383
 676  383
 675  383
 674  384
 673  385
 673  386
 672  387
 672  388
 671  389
 671  390
 670  391
 670  392
 669  393
 668  394
 667  393
 666  393
 665  392
 665  391
 665  390
 666  389
 667  388
 667  387
 668  386
 669  386
 670  385
 670  384
 671  383
 671  382
 671  381
 670  380
 669  379
 668  379
 667  379
 666  378
 665  377
 664  376
 665  375
 665  374
 666  373
 666  372
 667  372
 668  372
 669  372
 670  371
 671  370
 672  370
 673  369
 674  368
 675  367
 676  366
 677  366
 678  365
 679  364
 679  363
 680  362
 681  361
 682  360
 683  359
 683  358
 684  357
 685  356
 685  355
 686  354
 686  353
 686  352
 686  351
 685  350
 684  349
 683  349
 683  348
 682  347
 681  347
 680  348
 679  349
 678  349
 677  349
 676  349
 675  350
 674  351
 674  352
 674  353
 673  354
 673  355
 672  356
 671  357
 670  358
 670  359
 669  360
 669  361
 668  361
 667  362
 666  363
 665  363
 664  364
 663  364
 662  365
 661  365
 660  365
 659  365
 658  365
 657  365
 656  365
 655  365
 654  364
 653  363
 653  362
 653  361
 653  360
 652  359
 651  358
 651  357
 652  356
 652  355
 652  354
 652  353
 651  352
 651  351
 651  350
 651  349
 651  348
 651  347
 651  346
 651  345
 651  344
 652  343
 652  342
 652  341
 652  340
 653  339
 653  338
 653  337
 654  336
 655  335
 656  334
 655  333
 654  333
 653  333
 652  334
 651  334
 650  334
 651  333
 652  332
 652  331
 652  330
 652  329
 652  328
 652  327
 651  326
 650  326
 649  326
 648  326
 647  325
 646  325
 645  325
 644  325
 643  326
 642  327
 641  328
 640  328
 639  329
 638  330
 637  331
 636  332
 635  333
 634  333
 633  334
 632  334
 631  334
 630  334
 629  334
 628  334
 627  334
 626  334
 625  334
 624  334
 623  334
 622  335
 622  336
 621  337
 621  338
 621  339
 621  340
 621  341
 620  342
 620  343
 620  344
 620  345
 619  346
 619  347
 618  348
 617  349
 617  350
 617  351
 616  352
 616  353
 616  354
 616  355
 616  356
 617  357
 618  357
 619  357
 619  358
 619  359
 620  360
 620  361
 620  362
 621  363
 621  364
 621  365
 622  366
 623  367
 624  367
 625  368
 626  369
 627  370
 628  370
 629  370
 630  371
 631  371
 632  372
 633  373
 634  374
 634  375
 635  376
 635  377
 635  378
 635  379
 635  380
 634  380
 633  380
 632  380
 631  381
 630  382
 630  383
 630  384
 630  385
 630  386
 630  387
 630  388
 630  389
 630  390
 630  391
 631  392
 631  393
 632  394
 633  394
 633  395
 632  396
 631  397
 630  397
 629  397
 628  398
 627  399
 626  400
 625  400
 624  401
 623  402
 622  402
 621  403
 621  404
 620  405
 620  406
 620  407
 619  408
 618  409
 617  410
 617  411
 617  412
 616  413
 615  413
 614  414
 613  414
 612  415
 611  416
 610  417
 609  416
 608  417
 607  417
 606  417
 605  417
 604  417
 603  417
 602  417
 601  417
 600  417
 599  417
 598  417
 597  417
 596  417
 595  417
 594  417
 593  416
 592  416
 591  416
 590  416
 589  415
 588  415
 587  415
 586  415
 585  415
 585  414
 584  413
 583  413
 582  412
 581  411
 580  410
 579  409
 578  409
 577  409
 576  409
 576  408
 576  407
 576  406
 576  405
 575  404
 574  403
 573  403
 572  403
 571  403
 570  403
 569  403
 568  403
 567  403
 566  402
 565  403
 565  404
 566  405
 567  406
 568  407
 569  408
 570  408
 571  409
 570  409
 569  409
 568  409
 567  410
 566  410
 565  411
 564  411
 563  411
 562  411
 561  411
 560  411
 559  411
 558  411
 557  410
 557  409
 557  408
 557  407
 558  406
 558  405
 559  404
 559  403
 560  402
 561  401
 561  400
 561  399
 561  398
 560  397
 559  397
 558  397
 557  397
 556  398
 555  398
 554  398
 553  399
 552  399
 551  400
 550  401
 550  402
 550  403
 550  404
 550  405
 550  406
 550  407
 550  408
 550  409
 550  410
 550  411
 550  412
 550  413
 550  414
 550  415
 550  416
 550  417
 550  418
 550  419
 550  420
 550  421
 550  422
 550  423
 550  424
 551  425
 552  426
 553  426
 554  427
 555  427
 555  428
 554  429
 553  429
 552  430
 551  431
 550  432
 549  433
 549  434
 549  435
 548  436
 548  437
 548  438
 548  439
 548  440
 548  441
 547  442
 547  443
 547  444
 547  445
 547  446
 547  447
 546  448
 546  449
 545  450
 545  451
 544  452
 544  453
 544  454
 543  455
 543  456
 543  457
 542  458
 542  459
 542  460
 542  461
 542  462
 541  463
 541  464
 541  465
 541  466
 541  467
 541  468
 541  469
 541  470
 541  471
 541  472
 541  473
 540  474
 540  475
 540  476
 539  477
 539  478
 538  479
 538  480
 537  481
 537  482
 538  483
 537  484
 536  484
 535  484
 534  484
 533  484
 532  483
 531  483
 530  483
 529  483
 528  484
 528  485
 527  486
 527  487
 526  488
 526  489
 526  490
 525  491
 525  492
 525  493
 525  494
 526  495
 526  496
 526  497
 526  498
 527  499
 527  500
 528  501
 529  502
 529  503
 529  504
 529  505
 529  506
 528  507
 527  507
 526  507
 525  507
 524  506
 523  505
 522  505
 521  506
 520  506
 519  507
 519  508
 519  509
 520  510
 520  511
 520  512
 520  513
 520  514
 521  515
 521  516
 522  517
 523  518
 523  519
 523  520
 523  521
 524  522
 524  523
 524  524
 525  525
 526  525
 526  526
 526  527
 526  528
 526  529
 526  530
 526  531
 527  532
 528  533
 528  534
 528  535
 528  536
 528  537
 527  538
 527  539
 526  540
 526  541
 525  542
 525  543
 524  543
 523  544
 522  545
 521  546
 521  547
 521  548
 521  549
 521  550
 521  551
 522  552
 523  553
 524  554
 525  554
 526  555
 527  556
 528  556
 529  556
 530  556
 531  556
 532  556
 533  556
 534  556
 535  555
 536  555
 537  555
 538  555
 539  555
 540  555
 541  554
 542  554
 543  554
 544  553
 545  552
 546  551
 547  551
 548  551
 549  551
 550  551
 551  551
 552  551
 553  552
 554  552
 555  552
 556  551
 556  550
 557  550
 558  550
 559  550
 560  550
 561  549
 562  548
 562  547
 563  546
 564  545
 565  544
 566  543
 566  542
 565  541
 564  541
 563  540
 563  539
 563  538
 563  537
 563  536
 563  535
 563  534
 563  533
 563  532
 563  531
 564  531
 565  531
 566  531
 567  531
 568  531
 569  531
 570  532
 571  532
 572  532
 573  531
 573  530
 573  529
 572  528
 571  527
 570  527
 569  527
 568  527
 567  527
 566  527
 566  526
 567  525
 567  524
 568  523
 569  522
 569  521
 570  520
 571  519
 571  518
 571  517
 571  516
 571  515
 571  514
 572  513
 572  512
 573  511
 573  510
 574  509
 575  509
 576  508
 577  509
 578  509
 579  509
 580  510
 581  511
 582  511
 583  512
 584  512
 585  512
 586  513
 587  514
 588  515
 589  515
 590  515
 591  515
 592  515
 593  514
 594  514
 595  513
 596  512
 597  511
 598  510
 599  509
 600  509
 601  508
 602  508
 603  508
 604  508
 605  507
 606  507
 607  506
 608  506
 609  505
 610  504
 611  504
 612  504
 613  503
 614  503
 615  504
 615  505
 615  506
 615  507
 616  508
 616  509
 617  510
 618  511
 619  511
 619  512
 620  513
 621  514
 622  515
 623  516
 623  517
 624  518
 624  519
 625  520
 626  521
 627  522
 627  523
 628  524
 629  525
 630  526
 631  527
 631  528
 632  529
 633  530
 634  531
 635  531
 636  532
 637  532
 638  533
 639  534
 639  535
 639  536
 640  537
 640  538
 640  539
 640  540
 640  541
 639  542
 639  543
 639  544
 639  545
 638  546
 638  547
 638  548
 638  549
 637  550
 637  551
 636  552
 635  553
 634  553
 633  554
 632  555
 631  555
 630  556
 629  557
 628  558
 627  558
 626  558
 625  558
 624  558
 623  558
 622  558
 621  558
 620  559
 619  559
 618  560
 617  560
 616  561
 615  561
 614  561
 613  561
 612  561
 611  561
 610  561
 609  560
 608  559
 607  559
 606  558
 605  557
 604  557
 603  556
 602  556
 601  555
 600  555
 599  555
 598  554
 597  554
 596  554
 595  554
 594  553
 593  553
 592  553
 591  554
 590  555
 589  555
 588  556
 587  556
 586  557
 585  557
 584  557
 583  558
 582  559
 581  560
 580  561
 579  561
 578  561
 577  562
 576  562
 575  562
 574  562
 573  562
 572  562
 571  563
 570  563
 569  563
 568  563
 567  564
 566  565
 565  566
 564  567
 563  568
 562  569
 561  570
 560  571
 559  572
 559  573
 558  574
 557  575
 556  576
 555  576
 554  577
 553  577
 552  577
 551  577
 550  576
 549  576
 548  576
 547  576
 546  575
 545  575
 544  575
 543  575
 542  575
 541  575
 540  575
 539  575
 538  575
 537  574
 536  574
 535  573
 534  573
 533  572
 532  571
 531  570
 530  569
 530  568
 529  567
 528  567
 527  566
 526  566
 525  566
 524  565
 523  564
 522  563
 522  562
 522  561
 522  560
 523  559
 522  558
 522  557
 521  556
 520  555
 519  554
 518  554
 517  554
 516  555
 515  554
 514  554
 513  555
 513  556
 512  557
 511  558
 511  559
 511  560
 511  561
 511  562
 511  563
 510  564
 510  565
 510  566
 510  567
 510  568
 511  569
 511  570
 511  571
 511  572
 511  573
 511  574
 510  575
 510  576
 510  577
 510  578
 509  579
 510  580
 510  581
 509  582
 509  583
 509  584
 510  585
 511  585
 512  585
 513  586
 513  587
 514  588
 515  588
 516  588
 517  588
 518  588
 519  588
 519  589
 520  590
 521  591
 521  592
 522  593
 523  594
 524  595
 525  595
 526  595
 527  596
 528  596
 529  596
 530  595
 531  595
 532  595
 533  595
 534  594
 535  594
 536  594
 537  594
 538  595
 539  596
 540  596
 541  597
 542  598
 543  599
 543  600
 544  601
 544  602
 545  603
 546  604
 546  605
 547  606
 547  607
 548  608
 548  609
 549  610
 549  611
 548  612
 548  613
 548  614
 549  615
 550  616
 550  617
 551  618
 551  619
 552  620
 552  621
 551  622
 551  623
 550  623
 549  623
 548  623
 547  623
 546  622
 545  621
 544  621
 543  621
 542  622
 541  622
 540  622
 539  623
 538  623
 537  623
 536  624
 535  624
 534  624
 533  624
 532  625
 531  626
 530  627
 529  627
 528  628
 527  628
 526  629
 525  629
 524  630
 523  630
 522  630
 521  630
 520  631
 519  631
 518  631
 517  631
 516  631
 515  631
 514  630
 513  630
 512  630
 511  630
 510  630
 509  630
 508  630
 507  630
 506  630
 505  630
 504  629
 503  629
 502  629
 501  629
 500  629
 500  628
 500  627
 500  626
 501  626
 502  626
 503  626
 504  626
 505  626
 506  626
 507  626
 508  626
 509  625
 509  624
 510  623
 510  622
 510  621
 510  620
 510  619
 510  618
 510  617
 509  616
 508  616
 507  615
 506  615
 505  615
 504  615
 503  615
 502  614
 501  613
 501  612
 500  611
 499  611
 498  611
 497  610
 496  610
 495  609
 494  609
 493  608
 492  608
 491  607
 490  606
 489  605
 488  604
 487  604
 486  604
 485  604
 484  604
 484  603
 483  602
 483  601
 483  600
 483  599
 483  598
 483  597
 483  596
 484  596
 485  596
 486  595
 487  595
 488  595
 489  595
 490  595
 491  595
 492  595
 493  595
 494  595
 495  595
 496  596
 497  596
 498  597
 499  598
 500  598
 501  599
 502  599
 503  599
 504  600
 505  600
 505  601
 505  602
 506  603
 506  604
 506  605
 507  606
 508  606
 509  606
 510  606
 511  605
 512  604
 512  603
 512  602
 512  601
 512  600
 512  599
 513  598
 513  597
 514  596
 514  595
 514  594
 513  593
 512  592
 512  591
 511  590
 510  589
 509  589
 508  588
 507  588
 506  587
 505  586
 504  586
 503  586
 502  586
 501  586
 500  585
 499  585
 498  585
 497  585
 496  585
 495  584
 494  584
 493  584
 492  583
 492  582
 492  581
 492  580
 492  579
 492  578
 491  577
 491  576
 491  575
 491  574
 490  573
 489  572
 489  571
 489  570
 489  569
 488  568
 487  568
 486  567
 485  567
 484  566
 483  566
 482  566
 481  566
 480  565
 479  565
 478  565
 477  565
 476  564
 475  564
 474  563
 473  562
 472  561
 471  561
 470  560
 469  559
 468  558
 468  557
 468  556
 468  555
 468  554
 468  553
 468  552
 468  551
 468  550
 468  549
 468  548
 468  547
 469  546
 469  545
 469  544
 469  543
 470  542
 470  541
 470  540
 470  539
 470  538
 470  537
 471  536
 471  535
 471  534
 471  533
 471  532
 470  531
 469  531
 468  531
 467  531
 466  531
 465  531
 464  532
 463  533
 463  534
 462  535
 461  536
 460  537
 460  538
 459  539
 459  540
 459  541
 459  542
 459  543
 459  544
 459  545
 459  546
 459  547
 460  548
 460  549
 460  550
 460  551
 460  552
 461  553
 461  554
 461  555
 461  556
 461  557
 461  558
 460  559
 459  560
 458  560
 457  561
 456  560
 455  559
 455  558
 455  557
 454  556
 454  555
 454  554
 454  553
 454  552
 454  551
 453  550
 453  549
 452  548
 452  547
 451  546
 450  545
 449  546
 448  547
 448  548
 448  549
 448  550
 448  551
 448  552
 448  553
 448  554
 448  555
 447  556
 446  557
 445  558
 444  559
 444  560
 443  561
 442  562
 442  563
 441  564
 440  565
 439  566
 439  565
 438  564
 437  564
 437  563
 437  562
 437  561
 437  560
 438  559
 438  558
 439  557
 440  556
 440  555
 440  554
 440  553
 440  552
 441  551
 441  550
 441  549
 441  548
 441  547
 441  546
 441  545
 441  544
 440  543
 440  542
 439  541
 438  541
 437  541
 436  541
 435  541
 434  541
 433  540
 432  541
 431  542
 430  543
 429  544
 428  545
 427  545
 426  545
 425  545
 424  544
 424  543
 425  542
 426  542
 427  541
 428  540
 429  539
 429  538
 429  537
 429  536
 429  535
 428  534
 427  533
 426  533
 425  532
 424  532
 423  531
 422  532
 422  533
 421  534
 421  535
 420  535
 419  536
 418  536
 417  537
 416  538
 415  539
 414  540
 413  540
 412  541
 411  542
 411  543
 410  544
 410  545
 410  546
 410  547
 411  548
 412  549
 412  550
 413  551
 413  552
 414  553
 413  554
 412  554
 411  555
 410  555
 409  555
 408  555
 407  556
 406  557
 405  558
 404  559
 403  559
 402  560
 401  560
 400  560
 399  560
 398  560
 397  560
 396  560
 395  560
 394  560
 393  560
 392  561
 391  562
 391  563
 391  564
 390  565
 390  566
 389  567
 389  568
 388  569
 388  570
 388  571
 387  572
 386  573
 386  574
 385  575
 384  576
 383  577
 382  578
 381  579
 380  580
 379  581
 378  582
 377  582
 376  583
 375  584
 374  585
 373  585
 372  586
 371  587
 370  587
 369  587
 368  587
 367  587
 366  587
 365  587
 364  587
 363  587
 362  587
 361  587
 360  587
 359  587
 358  586
 357  586
 356  585
 355  585
 354  585
 353  585
 352  585
 351  585
 350  585
 349  585
 348  586
 347  587
 347  588
 347  589
 346  590
 346  591
 346  592
 345  593
 344  594
 344  595
 343  596
 342  597
 341  598
 340  598
 339  598
 338  598
 337  598
 336  598
 335  598
 334  598
 333  598
 332  599
 331  599
 330  600
 330  601
 329  602
 328  603
 327  604
 326  605
 325  606
 324  607
 323  608
 323  609
 323  610
 323  611
 323  612
 323  613
 323  614
 323  615
 323  616
 323  617
 323  618
 323  619
 323  620
 322  621
 322  622
 322  623
 322  624
 322  625
 322  626
 321  627
 321  628
 320  629
 320  630
 320  629
 319  628
 318  627
 318  626
 317  625
 316  625
 315  625
 315  624
 314  623
 313  623
 312  622
 311  621
 310  621
 309  620
 309  619
 309  618
 310  617
 310  616
 310  615
 310  614
 309  613
 309  612
 309  611
 308  610
 308  609
 307  608
 306  607
 306  606
 306  605
 306  604
 305  603
 304  602
 303  601
 303  600
 303  599
 303  598
 303  597
 303  596
