   x    y
 386  466
 387  465
 388  465
 389  465
 390  465
 391  465
 392  465
 393  465
 394  464
 395  464
 396  463
 397  463
 398  464
 399  464
 400  464
 401  465
 402  465
 403  465
 404  464
 405  463
 406  462
 407  462
 408  463
 408  464
 409  465
 410  466
 411  467
 412  467
 413  468
 414  468
 415  469
 416  469
 417  469
 418  468
 418  467
 419  466
 420  466
 421  466
 422  466
 423  466
 424  466
 425  467
 426  467
 427  467
 428  467
 429  468
 430  468
 431  468
 432  468
 433  468
 434  469
 435  470
 436  471
 437  471
 437  472
 438  473
 439  474
 440  474
 440  475
 441  476
 442  477
 443  478
 444  479
 445  480
 446  481
 446  482
 447  483
 447  484
 447  485
 447  486
 447  487
 447  488
 447  489
 448  490
 449  491
 449  492
 450  493
 451  493
 452  494
 453  495
 454  495
 455  494
 456  494
 457  494
 458  494
 459  493
 460  493
 461  493
 462  493
 461  494
 460  494
 459  494
 458  495
 457  496
 456  496
 455  497
 454  497
 453  497
 452  497
 451  498
 450  498
 449  497
 448  497
 447  498
 447  499
 448  500
 448  501
 447  502
 447  503
 447  504
 446  505
 445  505
 444  506
 443  507
 442  507
 441  507
 440  507
 439  507
 438  507
 437  507
 437  506
 436  505
 435  505
 434  506
 434  507
 433  506
 432  507
 431  507
 430  507
 429  507
 428  507
 427  506
 426  506
 425  505
 424  505
 423  504
 422  503
 421  503
 420  502
 419  502
 418  501
 417  502
 417  503
 416  504
 416  505
 416  506
 415  507
 415  508
 414  508
 413  508
 413  507
 413  506
 413  505
 413  504
 413  503
 413  502
 413  501
 413  500
 413  499
 412  498
 411  498
 410  497
 409  497
 408  497
 407  497
 406  497
 406  496
 406  495
 406  494
 406  493
 406  492
 407  491
 407  490
 407  489
 407  488
 407  487
 406  486
 406  485
 405  484
 404  483
 403  482
 402  481
 401  480
 400  480
 399  479
 399  478
 399  477
 398  476
 397  476
 396  476
 395  475
 395  474
 395  473
 395  472
 395  471
 395  470
 394  469
 393  468
 392  467
 391  467
 390  467
 389  467
 388  467
 387  467
 386  467
 386  466
 374  741
 374  740
 374  739
 374  738
 373  737
 372  736
 371  735
 370  735
 369  734
 368  734
 367  734
 366  734
 365  734
 364  735
 363  736
 362  737
 361  737
 360  738
 359  738
 358  738
 357  737
 356  736
 356  735
 356  734
 356  733
 356  732
 356  731
 356  730
 356  729
 356  728
 355  727
 355  726
 355  725
 355  724
 355  723
 354  722
 354  721
 354  720
 354  719
 354  718
 354  717
 354  716
 354  715
 354  714
 354  713
 354  712
 354  711
 354  710
 354  709
 354  708
 354  707
 354  706
 354  705
 354  704
 455  406
 456  407
 456  408
 457  409
 458  409
 459  410
 460  411
 461  411
 462  412
 463  412
 464  412
 465  412
 466  412
 467  412
 468  412
 469  412
 470  412
 471  412
 472  412
 473  413
 473  414
 473  415
 473  416
 472  417
 471  418
 471  419
 470  419
 469  418
 468  417
 467  417
 466  417
 465  417
 464  417
 463  417
 462  417
 461  417
 460  417
 459  418
 458  419
 458  420
 457  421
 457  422
 456  423
 455  424
 454  424
 453  425
 452  425
 451  425
 450  425
 449  425
 448  425
 447  425
 446  425
 445  425
 444  426
 443  426
 442  426
 441  427
 441  428
 441  429
 440  430
 439  430
 438  431
 437  431
 436  431
 435  431
 434  431
 433  431
 432  431
 431  432
 430  432
 429  432
 428  432
 427  432
 426  432
 425  432
 424  432
 423  432
 422  432
 421  432
 420  432
 419  433
 419  434
 418  435
 418  436
 418  437
 418  438
 417  439
 417  440
 417  441
 416  442
 416  443
 415  444
 415  445
 415  446
 414  447
 413  448
 413  449
 412  450
 411  451
 411  452
 410  452
 409  452
 408  452
 407  452
 406  451
 405  451
 405  450
 405  449
 405  448
 404  447
 405  446
 405  445
 405  444
 405  443
 405  442
 405  441
 405  440
 405  439
 405  438
 405  437
 405  436
 405  435
 405  434
 404  433
 404  432
 404  431
 404  430
 404  429
 403  428
 403  427
 402  426
 401  425
 400  425
 399  424
 398  424
 397  424
 396  423
 395  423
 394  423
 393  422
 392  422
 391  421
 390  421
 389  421
 388  421
 387  421
 386  421
 385  421
 384  422
 383  422
 382  422
 381  423
 381  424
 381  425
 381  426
 380  427
 380  426
 379  425
 378  425
 377  425
 376  425
 375  425
 374  425
 373  426
 372  426
 371  427
 370  426
 370  425
 370  424
 369  423
 369  422
 369  421
 368  420
 367  419
 366  419
 365  419
 364  419
 363  419
 362  419
 361  419
 360  419
 359  419
 358  419
 357  419
 356  419
 355  419
 354  419
 353  419
 352  419
 351  419
 350  418
 350  417
 350  416
 350  415
 350  414
 262  477
 261  477
 260  476
 260  475
 259  474
 259  473
 258  472
 448  485
 447  484
 446  483
 445  482
 444  481
 443  481
 442  481
 441  480
 440  479
 439  479
 438  478
 437  478
 436  477
 435  477
 434  476
 433  475
 432  475
 431  474
 430  474
 429  474
 428  474
 427  474
 426  474
 425  474
 424  474
 423  474
 422  474
 421  474
 420  474
 419  475
 418  475
 417  475
 416  475
 415  476
 414  476
 413  477
 412  477
 411  477
 410  476
 410  475
 410  474
 410  473
 409  645
 410  644
 410  643
 411  643
 412  642
 412  641
 412  640
 412  639
 411  638
 411  637
 410  636
 410  635
 410  634
 410  633
 410  632
 410  631
 410  630
 410  629
 410  628
 410  627
 410  626
 411  625
 412  624
 413  623
 414  622
 415  622
 416  621
 417  620
 417  619
 418  619
 419  618
 420  617
 421  616
 422  615
 423  614
 424  614
 425  613
 426  612
 427  612
 428  611
 429  610
 430  609
 431  608
 432  607
 433  606
 434  605
 435  604
 435  603
 435  602
 435  601
 435  600
 435  599
 436  598
 436  597
 436  596
 436  595
 437  594
 438  593
 439  592
 440  591
 440  590
 440  589
 441  589
 442  589
 443  588
 444  587
 444  586
 444  585
 444  584
 443  583
 442  582
 441  581
 441  580
 440  579
 439  579
 438  579
 438  578
 437  577
 437  576
 438  576
 439  575
 440  574
 441  573
 441  572
 441  571
 441  570
 441  569
 441  568
 441  567
 441  566
 441  565
 441  564
 441  563
 441  562
 441  561
 442  560
 442  559
 442  558
 442  557
 442  556
 442  555
 442  554
 442  553
 442  552
 442  551
 442  550
 442  549
 442  548
 442  547
 441  546
 441  545
 440  544
 440  543
 440  542
 439  541
 439  540
 438  539
 438  538
 438  537
 437  536
 437  535
 436  534
 436  533
 436  532
 436  531
 436  530
 436  529
 436  528
 436  527
 436  526
 436  525
 436  524
 435  523
 435  522
 435  521
 435  520
 435  519
 435  518
 434  517
 434  516
 434  515
 433  514
 433  513
 433  512
 433  511
 434  511
 435  510
 435  509
 435  508
 435  507
 435  506
 435  505
 434  504
 434  503
 434  502
 434  501
 433  500
 432  499
 432  498
 432  497
 431  496
 430  495
 431  494
 431  493
 431  492
 431  491
 430  490
 430  489
 429  488
 428  488
 427  487
 426  487
 425  486
 424  485
 423  484
 422  483
 421  482
 420  481
 419  480
 418  479
 417  478
 416  477
 415  477
 415  476
 414  475
 413  474
 412  473
 411  473
 410  473
 409  473
 408  474
 407  474
 406  475
 406  476
 405  476
 404  476
 403  477
 402  478
 401  478
 400  478
 399  478
 398  477
 397  477
 396  477
 395  476
 396  475
 397  474
 397  473
 398  472
 399  472
 400  472
 401  472
 402  471
 403  471
 404  470
 405  470
 406  469
 407  469
 408  469
 409  469
 410  469
 411  468
 411  467
 411  466
 410  465
 409  465
 408  465
 407  465
 406  464
 405  463
 404  462
 403  462
 402  462
 401  462
 400  462
 399  462
 398  462
 397  462
 396  462
 395  461
 395  460
 395  459
 396  458
 396  457
 397  456
 397  455
 398  454
 398  453
 399  452
 400  451
 400  450
 400  449
 400  448
 400  447
 399  446
 398  445
 397  445
 396  445
 395  445
 394  446
 393  445
 392  446
 391  446
 390  446
 389  446
 388  446
 387  446
 386  446
 385  446
 384  446
 383  446
 382  446
 381  445
 380  445
 379  445
 378  444
 377  443
 376  443
 375  443
 374  442
 373  442
 372  442
 371  442
 370  442
 370  441
 370  440
 370  439
 370  438
 371  438
 372  438
 373  438
 374  438
 375  438
 376  438
 377  438
 378  438
 379  438
 380  438
 381  438
 382  439
 383  439
 384  439
 385  440
 386  440
 387  440
 388  440
 389  440
 390  440
 391  439
 392  438
 391  437
 390  436
 389  435
 388  434
 387  434
 386  434
 385  434
 384  433
 383  433
 382  433
 381  432
 380  432
 379  432
 378  432
 377  432
 376  432
 375  432
 374  432
 373  433
 372  434
 371  434
 370  434
 369  434
 368  435
 367  435
 366  435
 365  436
 365  437
 364  438
 363  439
 363  440
 363  441
 363  442
 363  443
 363  444
 364  445
 365  446
 364  446
 363  447
 363  448
 362  449
 361  449
 360  450
 359  450
 358  451
 357  451
 356  452
 356  453
 355  454
 354  453
 353  452
 352  452
 351  452
 350  452
 349  452
 349  451
 349  450
 348  449
 347  448
 346  447
 345  447
 344  446
 343  446
 342  446
 341  446
 340  446
 339  446
 338  446
 337  446
 336  447
 335  447
 334  448
 333  448
 332  448
 332  447
 685  691
 684  690
 683  689
 682  688
 681  687
 680  686
 679  686
 678  685
 677  684
 676  683
 675  682
 674  682
 673  681
 672  681
 671  680
 670  679
 670  678
 669  677
 669  676
 668  675
 667  674
 666  673
 665  672
 664  671
 664  670
 663  669
 663  668
 662  667
 662  666
 661  665
 661  664
 661  663
 660  662
 660  661
 660  660
 659  659
 658  658
 657  657
 657  656
 656  655
 656  654
 655  653
 655  652
 654  651
 654  650
 653  649
 652  648
 652  647
 651  646
 650  646
 649  646
 648  647
 648  648
 648  649
 648  650
 648  651
 648  652
 648  653
 648  654
 648  655
 648  656
 649  657
 650  657
 650  658
 650  659
 651  660
 650  661
 650  662
 649  663
 648  664
 647  665
 647  666
 646  667
 646  668
 646  669
 645  670
 645  671
 644  672
 644  673
 645  674
 645  675
 645  676
 644  677
 644  678
 644  679
 644  680
 645  681
 646  682
 646  683
 647  684
 648  685
 649  686
 650  687
 650  688
 650  689
 650  690
 650  691
 650  692
 650  693
 649  693
 648  693
 647  693
 646  693
 645  693
 644  692
 643  692
 643  691
 642  690
 641  689
 640  689
 639  689
 638  689
 637  690
 636  690
 635  691
 634  692
 633  692
 632  692
 631  692
 631  691
 631  690
 631  689
 631  688
 630  687
 629  686
 628  685
 627  685
 626  684
 625  684
 625  683
 624  682
 623  682
 622  683
 621  682
 620  681
 620  680
 620  679
 620  678
 620  677
 620  676
 620  675
 620  674
 620  673
 620  672
 620  671
 620  670
 619  669
 619  668
 618  667
 618  666
 617  665
 616  664
 615  664
 614  664
 613  663
 612  663
 611  663
 610  664
 609  665
 608  666
 607  667
 606  667
 605  668
 604  668
 603  668
 602  668
 601  667
 600  667
 600  666
 600  665
 599  664
 599  663
 600  662
 600  661
 601  660
 601  659
 601  658
 601  657
 602  656
 602  655
 602  654
 602  653
 602  652
 602  651
 602  650
 602  649
 602  648
 602  647
 602  646
 602  645
 602  644
 602  643
 602  642
 602  641
 602  640
 602  639
 601  638
 600  637
 599  637
 598  637
 597  637
 596  637
 595  637
 594  637
 593  637
 592  637
 591  637
 590  637
 589  637
 588  637
 588  636
 587  635
 587  634
 587  633
 587  632
 588  632
 589  631
 589  630
 589  629
 588  628
 587  627
 586  627
 585  627
 584  627
 583  627
 582  627
 581  627
 580  628
 579  628
 578  628
 577  628
 576  628
 575  627
 575  626
 575  625
 575  624
 575  623
 575  622
 575  621
 574  620
 574  619
 574  618
 574  617
 574  616
 575  615
 575  614
 575  613
 576  613
 577  612
 578  611
 579  611
 580  611
 581  610
 582  610
 583  610
 584  609
 584  608
 585  607
 585  606
 585  605
 584  604
 584  603
 583  602
 582  601
 581  600
 580  599
 580  598
 579  597
 579  596
 578  595
 578  594
 577  593
 576  592
 575  591
 574  590
 573  589
 572  589
 571  588
 570  588
 569  588
 568  588
 567  588
 566  588
 565  588
 564  588
 563  588
 562  589
 561  590
 560  591
 560  592
 559  593
 559  594
 558  595
 558  596
 557  596
 556  596
 555  596
 554  596
 553  596
 552  596
 551  596
 550  596
 549  596
 548  597
 547  598
 546  598
 545  598
 544  599
 543  599
 542  599
 541  598
 540  598
 539  598
 538  598
 537  598
 536  598
 535  598
 534  597
 533  597
 532  597
 531  597
 530  596
 529  597
 528  597
 527  598
 526  598
 525  599
 524  599
 523  600
 522  601
 521  601
 520  602
 519  603
 518  604
 517  604
 516  605
 516  606
 516  607
 516  608
 516  609
 515  610
 515  611
 515  612
 515  613
 515  614
 515  615
 515  616
 516  617
 517  618
 518  619
 518  620
 519  621
 520  622
 521  623
 522  624
 523  625
 524  626
 524  627
 525  628
 524  629
 523  629
 522  629
 521  628
 520  628
 519  628
 518  629
 518  630
 518  631
 518  632
 518  633
 518  634
 518  635
 518  636
 518  637
 519  638
 519  639
 520  640
 520  641
 520  642
 519  643
 518  643
 517  644
 516  645
 515  645
 514  644
 514  643
 513  642
 513  641
 513  640
 513  639
 513  638
 512  637
 512  636
 512  635
 511  634
 511  633
 511  632
 511  631
 511  630
 510  629
 510  628
 510  627
 510  626
 510  625
 510  624
 510  623
 510  622
 510  621
 510  620
 510  619
 510  618
 510  617
 510  616
 510  615
 510  614
 509  613
 509  612
 509  611
 508  610
 508  609
 507  608
 508  607
 509  606
 509  605
 509  604
 509  603
 508  602
 508  601
 507  600
 506  600
 505  600
 504  600
 503  600
 502  600
 501  601
 500  602
 499  603
 498  604
 497  605
 496  606
 495  606
 494  607
 493  607
 492  608
 491  608
 490  609
 489  610
 489  611
 489  612
 488  613
 487  614
 487  615
 487  616
 486  617
 485  616
 484  615
 483  614
 483  613
 483  612
 482  611
 481  610
 481  609
 480  608
 479  607
 478  607
 477  607
 476  607
 475  607
 474  607
 473  607
 472  607
 471  607
 470  607
 469  606
 468  605
 468  604
