   x    y
 453  758
 454  758
 455  757
 456  756
 456  755
 456  754
 456  753
 456  752
 457  751
 457  750
 458  749
 459  748
 459  747
 460  746
 461  745
 462  744
 463  743
 464  742
 464  741
 465  740
 466  739
 467  739
 468  739
 469  738
 470  738
 471  738
 472  738
 473  737
 474  736
 475  736
 476  735
 477  735
 478  734
 479  734
 480  733
 481  733
 482  732
 483  731
 484  731
 485  730
 486  729
 487  729
 488  729
 489  729
 490  728
 490  727
 489  726
 489  725
 489  724
 489  723
 490  722
 491  722
 492  723
 493  724
 493  725
 494  726
 495  727
 496  727
 497  727
 498  727
 499  726
 499  725
 499  724
 499  723
 500  722
 500  721
 501  721
 502  721
 503  721
 504  721
 504  722
 504  723
 503  724
 504  725
 504  726
 504  727
 504  728
 504  729
 505  730
 506  730
 507  730
 508  730
 509  729
 510  728
 510  727
 511  726
 512  726
 513  726
 514  726
 514  727
 515  728
 516  729
 517  729
 518  730
 519  730
 520  730
 521  730
 522  729
 523  728
 524  728
 525  727
 526  726
 527  725
 527  724
 528  723
 529  722
 530  721
 531  721
 532  720
 533  719
 534  718
 535  717
 536  717
 537  716
 538  715
 539  714
 540  713
 541  712
 542  711
 543  711
 544  710
 545  709
 546  709
 546  710
 547  711
 547  712
 548  713
 549  713
 550  713
 551  713
 552  714
 553  714
 554  714
 555  714
 556  713
 557  713
 558  713
 559  713
 560  714
 561  714
 562  714
 563  714
 564  715
 565  716
 565  717
 565  718
 566  719
 567  720
 568  720
 569  720
 570  721
 571  722
 571  723
 572  724
 572  725
 572  726
 572  727
 572  728
 572  729
 572  730
 572  731
 572  732
 572  733
 572  734
 572  735
 572  736
 572  737
 573  738
 574  739
 575  740
 576  740
 577  740
 578  740
 579  740
 580  740
 581  740
 581  741
 581  742
 580  743
 579  744
 579  745
 580  746
 580  747
 580  748
 581  749
 582  750
 583  751
 583  752
 583  753
 583  754
 583  755
 583  756
 583  757
 584  758
 584  759
 584  760
 584  761
 583  761
 582  761
 581  760
 580  760
 579  760
 578  759
 577  759
 576  758
 575  757
 574  757
 573  757
 572  757
 571  757
 570  756
 569  756
 568  755
 568  754
 567  753
 566  753
 565  753
 564  753
 563  753
 562  753
 561  754
 560  754
 559  754
 558  754
 557  755
 558  756
 558  757
 559  758
 560  758
 560  759
 561  760
 561  761
 561  762
 561  763
 561  764
 561  765
 561  766
 561  767
 561  768
 561  769
 561  770
 561  771
 561  772
 561  773
 561  774
 561  775
 561  776
 561  777
 562  778
 563  779
 563  780
 564  781
 564  782
 564  783
 563  783
 562  783
 561  783
 560  783
 559  782
 558  782
 557  781
 557  780
 557  779
 558  778
 559  777
 559  776
 559  775
 559  774
 559  773
 559  772
 559  771
 559  770
 558  769
 558  768
 558  767
 558  766
 557  765
 557  764
 557  763
 556  762
 555  762
 554  762
 553  762
 552  762
 551  762
 550  762
 550  761
 550  760
 550  759
 549  758
 549  757
 548  756
 548  755
 547  754
 546  754
 545  754
 544  754
 543  754
 542  754
 541  755
 541  756
 541  757
 542  758
 542  759
 542  760
 542  761
 543  762
 543  763
 543  764
 543  765
 544  766
 544  767
 545  768
 545  769
 546  770
 546  771
 545  772
 544  773
 544  774
 543  774
 543  773
 543  772
 543  771
 543  770
 543  769
 542  768
 542  767
 542  766
 542  765
 542  764
 542  763
 541  762
 540  763
 540  764
 539  765
 538  766
 537  767
 536  768
 536  769
 536  770
 535  771
 535  772
 535  773
 535  774
 535  775
 535  776
 534  777
 534  778
 534  779
 534  780
 533  781
 532  782
 531  783
 530  782
 529  781
 529  780
 529  779
 529  778
 529  777
 529  776
 529  775
 529  774
 529  773
 528  772
 528  771
 528  770
 528  769
 528  768
 528  767
 528  766
 529  766
 530  766
 531  766
 532  766
 533  765
 534  765
 535  765
 536  765
 537  764
 537  763
 538  762
 537  761
 537  760
 536  759
 535  759
 534  759
 533  758
 532  758
 531  758
 530  757
 529  757
 528  757
 527  757
 526  757
 525  756
 524  756
 523  756
 522  755
 522  754
 521  753
 521  752
 521  751
 521  750
 520  749
 520  748
 520  747
 519  746
 519  745
 519  744
 518  743
 518  742
 517  741
 516  741
 515  741
 514  741
 513  741
 512  741
 511  740
 510  740
 509  740
 508  739
 507  739
 506  739
 505  739
 504  739
 503  739
 502  740
 501  740
 500  740
 499  741
 498  742
 497  743
 497  744
 496  745
 495  745
 494  746
 493  746
 492  746
 491  747
 490  747
 489  748
 489  749
 488  750
 487  751
 486  752
 485  753
 485  754
 484  755
 483  756
 482  757
 482  758
 481  758
 480  759
 479  759
 478  759
 477  759
 476  759
 475  759
 474  759
 473  760
 472  760
 471  760
 470  760
 469  759
 468  759
 467  759
 466  759
 465  759
 464  759
 463  759
 462  759
 461  760
 460  761
 459  761
 458  762
 458  763
 458  764
 457  765
 456  765
 455  764
 454  764
 453  764
 453  763
 453  762
 453  761
 453  760
 453  759
 453  758
 423  474
 422  474
 421  474
 420  474
 419  475
 418  475
 417  475
 416  475
 415  476
 414  476
 413  477
 412  477
 411  477
 410  476
 410  475
 410  474
 410  473
 409  645
 410  644
 410  643
 411  643
 412  642
 412  641
 412  640
 412  639
 411  638
 411  637
 410  636
 410  635
 410  634
 410  633
 410  632
 410  631
 410  630
 410  629
 410  628
 410  627
 410  626
 411  625
 412  624
 413  623
 414  622
 415  622
 416  621
 417  620
 417  619
 418  619
 419  618
 420  617
 421  616
 422  615
 423  614
 424  614
 425  613
 426  612
 427  612
 428  611
 429  610
 430  609
 431  608
 432  607
 433  606
 434  605
 435  604
 435  603
 435  602
 435  601
 435  600
 435  599
 436  598
 436  597
 436  596
 436  595
 437  594
 438  593
 439  592
 440  591
 440  590
 440  589
 441  589
 442  589
 443  588
 444  587
 444  586
 444  585
 444  584
 443  583
 442  582
 441  581
 441  580
 440  579
 439  579
 438  579
 438  578
 437  577
 437  576
 438  576
 439  575
 440  574
 441  573
 441  572
 441  571
 441  570
 441  569
 441  568
 441  567
 441  566
 441  565
 441  564
 441  563
 441  562
 441  561
 442  560
 442  559
 442  558
 442  557
 442  556
 442  555
 442  554
 442  553
 442  552
 442  551
 442  550
 442  549
 442  548
 442  547
 441  546
 441  545
 440  544
 440  543
 440  542
 439  541
 439  540
 438  539
 438  538
 438  537
 437  536
 437  535
 436  534
 436  533
 436  532
 436  531
 436  530
 436  529
 436  528
 436  527
 436  526
 436  525
 436  524
 435  523
 435  522
 435  521
 435  520
 435  519
 435  518
 434  517
 434  516
 434  515
 433  514
 433  513
 433  512
 433  511
 434  511
 435  510
 435  509
 435  508
 435  507
 435  506
 435  505
 434  504
 434  503
 434  502
 434  501
 433  500
 432  499
 432  498
 432  497
 431  496
 430  495
 431  494
 431  493
 431  492
 431  491
 430  490
 430  489
 429  488
 428  488
 427  487
 426  487
 425  486
 424  485
 423  484
 422  483
 421  482
 420  481
 419  480
 418  479
 417  478
 416  477
 415  477
 415  476
 414  475
 413  474
 412  473
 411  473
 410  473
 409  473
 408  474
 407  474
 406  475
 406  476
 405  476
 404  476
 403  477
 402  478
 401  478
 400  478
 399  478
 398  477
 397  477
 396  477
 395  476
 396  475
 397  474
 397  473
 398  472
 399  472
 400  472
 401  472
 402  471
 403  471
 404  470
 405  470
 406  469
 407  469
 408  469
 409  469
 410  469
 411  468
 411  467
 411  466
 410  465
 409  465
 408  465
 407  465
 406  464
 405  463
 404  462
 403  462
 402  462
 401  462
 400  462
 399  462
 398  462
 397  462
 396  462
 395  461
 395  460
 395  459
 396  458
 396  457
 397  456
 397  455
 398  454
 398  453
 399  452
 400  451
 400  450
 400  449
 400  448
 400  447
 399  446
 398  445
 397  445
 396  445
 395  445
 394  446
 393  445
 392  446
 391  446
 390  446
 389  446
 388  446
 387  446
 386  446
 385  446
 384  446
 383  446
 382  446
 381  445
 380  445
 379  445
 378  444
 377  443
 376  443
 375  443
 374  442
 373  442
 372  442
 371  442
 370  442
 370  441
 370  440
 370  439
 370  438
 371  438
 372  438
 373  438
 374  438
 375  438
 376  438
 377  438
 378  438
 379  438
 380  438
 381  438
 382  439
 383  439
 384  439
 385  440
 386  440
 387  440
 388  440
 389  440
 390  440
 391  439
 392  438
 391  437
 390  436
 389  435
 388  434
 387  434
 386  434
 385  434
 384  433
 383  433
 382  433
 381  432
 380  432
 379  432
 378  432
 377  432
 376  432
 375  432
 374  432
 373  433
 372  434
 371  434
 370  434
 369  434
 368  435
 367  435
 366  435
 365  436
 365  437
 364  438
 363  439
 363  440
 363  441
 363  442
 363  443
 363  444
 364  445
 365  446
 364  446
 363  447
 363  448
 362  449
 361  449
 360  450
 359  450
 358  451
 357  451
 356  452
 356  453
 355  454
 354  453
 353  452
 352  452
 351  452
 350  452
 349  452
 349  451
 349  450
 348  449
 347  448
 346  447
 345  447
 344  446
 343  446
 342  446
 341  446
 340  446
 339  446
 338  446
 337  446
 336  447
 335  447
 334  448
 333  448
 332  448
 332  447
 685  691
 684  690
 683  689
 682  688
 681  687
 680  686
 679  686
 678  685
 677  684
 676  683
 675  682
 674  682
 673  681
 672  681
 671  680
 670  679
 670  678
 669  677
 669  676
 668  675
 667  674
 666  673
 665  672
 664  671
 664  670
 663  669
 663  668
 662  667
 662  666
 661  665
 661  664
 661  663
 660  662
 660  661
 660  660
 659  659
 658  658
 657  657
 657  656
 656  655
 656  654
 655  653
 655  652
 654  651
 654  650
 653  649
 652  648
 652  647
 651  646
 650  646
 649  646
 648  647
 648  648
 648  649
 648  650
 648  651
 648  652
 648  653
 648  654
 648  655
 648  656
 649  657
 650  657
 650  658
 650  659
 651  660
 650  661
 650  662
 649  663
 648  664
 647  665
 647  666
 646  667
 646  668
 646  669
 645  670
 645  671
 644  672
 644  673
 645  674
 645  675
 645  676
 644  677
 644  678
 644  679
 644  680
 645  681
 646  682
 646  683
 647  684
 648  685
 649  686
 650  687
 650  688
 650  689
 650  690
 650  691
 650  692
 650  693
 649  693
 648  693
 647  693
 646  693
 645  693
 644  692
 643  692
 643  691
 642  690
 641  689
 640  689
 639  689
 638  689
 637  690
 636  690
 635  691
 634  692
 633  692
 632  692
 631  692
 631  691
 631  690
 631  689
 631  688
 630  687
 629  686
 628  685
 627  685
 626  684
 625  684
 625  683
 624  682
 623  682
 622  683
 621  682
 620  681
 620  680
 620  679
 620  678
 620  677
 620  676
 620  675
 620  674
 620  673
 620  672
 620  671
 620  670
 619  669
 619  668
 618  667
 618  666
 617  665
 616  664
 615  664
 614  664
 613  663
 612  663
 611  663
 610  664
 609  665
 608  666
 607  667
 606  667
 605  668
 604  668
 603  668
 602  668
 601  667
 600  667
 600  666
 600  665
 599  664
 599  663
 600  662
 600  661
 601  660
 601  659
 601  658
 601  657
 602  656
 602  655
 602  654
 602  653
 602  652
 602  651
 602  650
 602  649
 602  648
 602  647
 602  646
 602  645
 602  644
 602  643
 602  642
 602  641
 602  640
 602  639
 601  638
 600  637
 599  637
 598  637
 597  637
 596  637
 595  637
 594  637
 593  637
 592  637
 591  637
 590  637
 589  637
 588  637
 588  636
 587  635
 587  634
 587  633
 587  632
 588  632
 589  631
 589  630
 589  629
 588  628
 587  627
 586  627
 585  627
 584  627
 583  627
 582  627
 581  627
 580  628
 579  628
 578  628
 577  628
 576  628
 575  627
 575  626
 575  625
 575  624
 575  623
 575  622
 575  621
 574  620
 574  619
 574  618
 574  617
 574  616
 575  615
 575  614
 575  613
 576  613
 577  612
 578  611
 579  611
 580  611
 581  610
 582  610
 583  610
 584  609
 584  608
 585  607
 585  606
 585  605
 584  604
 584  603
 583  602
 582  601
 581  600
 580  599
 580  598
 579  597
 579  596
 578  595
 578  594
 577  593
 576  592
 575  591
 574  590
 573  589
 572  589
 571  588
 570  588
 569  588
 568  588
 567  588
 566  588
 565  588
 564  588
 563  588
 562  589
 561  590
 560  591
 560  592
 559  593
 559  594
 558  595
 558  596
 557  596
 556  596
 555  596
 554  596
 553  596
 552  596
 551  596
 550  596
 549  596
 548  597
 547  598
 546  598
 545  598
 544  599
 543  599
 542  599
 541  598
 540  598
 539  598
 538  598
 537  598
 536  598
 535  598
 534  597
 533  597
 532  597
 531  597
 530  596
 529  597
 528  597
 527  598
 526  598
 525  599
 524  599
 523  600
 522  601
 521  601
 520  602
 519  603
 518  604
 517  604
 516  605
 516  606
 516  607
 516  608
 516  609
 515  610
 515  611
 515  612
 515  613
 515  614
 515  615
 515  616
 516  617
 517  618
 518  619
 518  620
 519  621
 520  622
 521  623
 522  624
 523  625
 524  626
 524  627
 525  628
 524  629
 523  629
 522  629
 521  628
 520  628
 519  628
 518  629
 518  630
 518  631
 518  632
 518  633
 518  634
 518  635
 518  636
 518  637
 519  638
 519  639
 520  640
 520  641
 520  642
 519  643
 518  643
 517  644
 516  645
 515  645
 514  644
 514  643
 513  642
 513  641
 513  640
 513  639
 513  638
 512  637
 512  636
 512  635
 511  634
 511  633
 511  632
 511  631
 511  630
 510  629
 510  628
 510  627
 510  626
 510  625
 510  624
 510  623
 510  622
 510  621
 510  620
 510  619
 510  618
 510  617
 510  616
 510  615
 510  614
 509  613
 509  612
 509  611
 508  610
 508  609
 507  608
 508  607
 509  606
 509  605
 509  604
 509  603
 508  602
 508  601
 507  600
 506  600
 505  600
 504  600
 503  600
 502  600
 501  601
 500  602
 499  603
 498  604
 497  605
 496  606
 495  606
 494  607
 493  607
 492  608
 491  608
 490  609
 489  610
 489  611
 489  612
 488  613
 487  614
 487  615
 487  616
 486  617
 485  616
 484  615
 483  614
 483  613
 483  612
 482  611
 481  610
 481  609
 480  608
 479  607
 478  607
 477  607
 476  607
 475  607
 474  607
 473  607
 472  607
 471  607
 470  607
 469  606
 468  605
 468  604
