   x    y
 397  533
 398  532
 399  532
 400  532
 401  532
 402  531
 403  531
 404  530
 405  530
 406  531
 407  532
 408  532
 409  533
 410  533
 411  533
 412  533
 413  533
 414  533
 415  533
 416  533
 417  533
 418  532
 419  531
 419  530
 420  529
 421  528
 421  527
 422  527
 422  528
 422  529
 423  530
 423  531
 424  532
 425  533
 426  532
 427  531
 427  530
 427  529
 427  528
 428  527
 428  526
 429  525
 430  524
 431  523
 431  522
 431  521
 432  520
 433  519
 434  518
 435  517
 436  516
 436  515
 436  514
 437  513
 438  512
 439  512
 440  511
 441  510
 442  510
 443  510
 444  510
 445  509
 446  509
 447  509
 448  509
 449  509
 450  508
 451  507
 452  507
 453  506
 454  506
 455  505
 456  504
 457  503
 458  503
 459  502
 460  501
 460  500
 461  499
 461  498
 461  497
 461  496
 461  495
 461  494
 461  493
 461  492
 461  491
 461  490
 461  489
 461  488
 462  487
 463  486
 464  485
 465  485
 466  485
 467  485
 468  485
 469  486
 470  486
 471  486
 472  486
 473  487
 473  488
 474  489
 475  489
 476  488
 476  487
 477  486
 477  485
 478  485
 479  485
 480  485
 481  484
 482  484
 483  484
 484  483
 485  482
 486  482
 487  482
 488  482
 489  482
 490  481
 491  480
 492  479
 493  479
 494  479
 495  479
 496  479
 497  479
 498  480
 499  480
 500  481
 501  482
 501  483
 502  484
 503  485
 504  485
 505  485
 506  486
 507  486
 508  486
 508  487
 508  488
 508  489
 508  490
 507  491
 507  492
 506  492
 505  493
 504  493
 503  494
 502  494
 501  495
 500  496
 499  497
 498  497
 497  496
 496  496
 495  496
 495  495
 495  494
 494  493
 494  492
 494  491
 494  490
 494  489
 493  488
 492  487
 491  487
 490  487
 489  487
 488  488
 488  489
 487  490
 486  491
 485  492
 484  493
 483  494
 482  495
 481  496
 481  497
 481  498
 480  499
 480  500
 479  501
 478  502
 478  503
 477  504
 476  505
 476  506
 475  507
 475  508
 475  509
 474  510
 474  511
 473  511
 472  512
 472  513
 471  513
 470  514
 469  515
 468  516
 467  516
 466  517
 465  518
 464  519
 463  519
 462  520
 461  520
 460  520
 459  520
 458  521
 457  520
 457  519
 456  518
 455  518
 454  519
 454  520
 453  521
 452  522
 452  523
 452  524
 451  524
 450  525
 449  526
 448  526
 447  527
 446  528
 445  528
 444  528
 443  529
 442  530
 442  531
 442  532
 442  533
 443  534
 444  533
 445  533
 446  533
 447  534
 448  534
 449  534
 450  534
 451  534
 452  534
 453  533
 454  533
 455  533
 456  532
 457  532
 458  532
 459  532
 460  531
 461  530
 462  529
 463  529
 464  530
 465  530
 466  530
 466  531
 467  532
 468  532
 469  532
 470  532
 471  532
 472  532
 473  532
 474  532
 475  532
 476  533
 477  533
 478  533
 479  533
 480  533
 481  533
 482  534
 483  534
 484  535
 485  535
 486  535
 487  536
 488  537
 489  538
 490  539
 491  540
 492  541
 493  540
 494  540
 495  540
 496  540
 497  541
 498  542
 498  543
 498  544
 498  545
 498  546
 498  547
 497  548
 496  549
 495  550
 494  550
 493  551
 492  552
 491  553
 490  554
 489  554
 488  555
 487  556
 486  557
 486  558
 487  559
 488  559
 489  559
 489  560
 488  561
 488  562
 487  563
 487  564
 486  564
 485  565
 484  566
 483  567
 482  568
 481  569
 480  569
 479  569
 478  570
 477  569
 476  569
 475  568
 474  568
 473  568
 472  568
 471  568
 470  567
 469  568
 468  569
 467  570
 468  571
 469  571
 470  571
 471  571
 472  571
 473  572
 474  572
 475  572
 476  572
 477  572
 478  573
 478  574
 477  575
 476  576
 475  576
 474  576
 473  576
 472  575
 471  575
 470  575
 469  575
 468  575
 467  576
 466  576
 465  576
 464  576
 463  576
 462  576
 461  576
 460  576
 459  576
 459  575
 458  574
 458  573
 457  572
 456  571
 455  570
 455  569
 456  569
 457  568
 458  568
 459  567
 460  566
 460  565
 460  564
 460  563
 460  562
 459  561
 458  560
 457  559
 456  559
 455  558
 454  558
 454  557
 454  556
 455  556
 456  555
 457  554
 458  553
 459  552
 460  551
 460  550
 459  549
 458  548
 457  547
 456  546
 455  546
 454  546
 453  546
 452  546
 451  546
 450  546
 449  546
 448  546
 447  546
 446  546
 445  546
 444  546
 443  547
 442  548
 442  549
 442  550
 443  551
 444  552
 445  553
 446  553
 447  554
 448  555
 449  556
 449  557
 450  558
 450  559
 450  560
 451  561
 451  562
 451  563
 452  564
 452  565
 452  566
 452  567
 453  568
 453  569
 453  570
 452  571
 452  572
 452  573
 451  574
 450  574
 449  575
 448  575
 447  575
 446  575
 445  575
 444  575
 443  575
 442  575
 441  576
 440  576
 439  576
 438  576
 437  577
 437  578
 436  579
 436  580
 436  581
 435  582
 435  583
 435  584
 435  585
 435  586
 435  587
 435  588
 434  589
 433  589
 432  588
 432  587
 432  586
 432  585
 431  584
 431  583
 430  582
 430  581
 430  580
 429  579
 429  578
 429  577
 428  576
 428  575
 428  574
 427  573
 427  572
 427  571
 426  570
 425  569
 424  570
 423  570
 423  569
 424  568
 424  567
 425  567
 426  566
 426  565
 426  564
 426  563
 426  562
 425  561
 424  561
 423  562
 422  562
 421  562
 420  562
 419  562
 418  562
 417  561
 416  561
 415  561
 414  560
 413  560
 412  560
 411  560
 410  559
 409  559
 408  558
 407  557
 407  556
 406  555
 405  555
 406  554
 407  553
 408  553
 409  552
 410  552
 411  551
 412  551
 413  550
 414  550
 415  549
 416  548
 417  547
 418  546
 419  546
 420  545
 421  545
 422  545
 423  544
 424  544
 425  543
 425  542
 424  541
 423  540
 422  540
 421  539
 420  538
 419  538
 418  538
 417  539
 417  540
 416  541
 415  542
 414  543
 413  543
 412  542
 411  542
 410  542
 409  543
 408  544
 407  544
 407  543
 408  542
 409  541
 410  540
 410  539
 409  538
 408  537
 407  537
 407  536
 406  535
 405  534
 404  535
 403  536
 402  537
 401  536
 400  535
 399  535
 398  534
 397  534
 397  533
 437  625
 436  626
 435  626
 434  627
 433  628
 432  628
 431  629
 430  630
 429  631
 428  631
 427  632
 427  633
 426  634
 425  635
 424  635
 423  636
 422  637
 421  637
 420  637
 419  637
 419  636
 645  604
 644  604
 643  605
 643  606
 643  607
 643  608
 644  609
 644  610
 645  611
 645  612
 646  613
 646  614
 647  615
 647  616
 647  617
 647  618
 648  619
 648  620
 649  621
 649  622
 649  623
 649  624
 650  625
 650  626
 650  627
 651  628
 651  629
 652  630
 652  631
 653  632
 654  633
 655  633
 655  634
 656  635
 657  636
 658  636
 659  636
 660  635
 661  634
 662  633
 661  632
 660  631
 659  631
 659  630
 659  629
 658  628
 659  627
 659  626
 660  625
 661  625
 662  625
 663  625
 664  625
 665  626
 666  627
 667  628
 668  629
 669  630
 670  631
 671  632
 671  633
 671  634
 671  635
 671  636
 671  637
 671  638
 671  639
 671  640
 671  641
 671  642
 671  643
 671  644
 671  645
 671  646
 672  647
 672  648
 672  649
 672  650
 672  651
 673  652
 673  653
 674  654
 675  655
 675  656
 676  657
 676  658
 677  659
 677  660
 678  661
 679  662
 679  663
 680  664
 681  665
 681  666
 682  667
 683  668
 683  669
 684  670
 685  671
 686  672
 686  673
 687  674
 687  675
 688  676
 688  677
 689  678
 689  679
 689  680
 689  681
 689  682
 689  683
 690  684
 690  685
 691  686
 691  687
 692  688
 692  689
 692  690
 693  691
 693  692
 693  693
 693  694
 693  695
 694  696
 694  697
 695  698
 695  699
 696  700
 696  701
 697  702
 698  703
 698  704
 698  705
 698  706
 697  706
 696  706
 695  707
 695  708
 695  709
 694  710
 694  711
 695  712
 695  713
 694  714
 695  715
 695  716
 695  717
 695  718
 695  719
 695  720
 695  721
 694  721
 693  721
 692  722
 692  723
 692  724
 692  725
 693  726
 693  727
 693  728
 694  729
 695  730
 696  730
 696  731
 696  732
 696  733
 696  734
 696  735
 696  736
 696  737
 696  738
 695  739
 695  740
 695  741
 695  742
 695  743
 696  744
 696  745
 695  746
 694  746
 693  747
 692  747
 691  747
 690  747
 689  747
 688  747
 687  747
 686  747
 685  747
 684  747
 683  747
 682  747
 681  747
 680  747
 679  747
 678  746
 677  746
 676  746
 676  745
 676  744
 676  743
 675  742
 674  741
 673  741
 672  740
 671  739
 670  738
 669  737
 668  736
 667  735
 666  734
 665  733
 665  732
 665  731
 665  730
 664  729
 664  728
 664  727
 664  726
 664  725
 664  724
 664  723
 664  722
 663  721
 663  720
 662  719
 661  718
 660  717
 659  716
 658  715
 657  714
 656  713
 656  712
 655  711
 654  710
 654  709
 654  708
 653  707
 653  706
 653  705
 653  704
 653  703
 653  702
 653  701
 653  700
 654  699
 654  698
 654  697
 654  696
 655  696
 656  696
 657  695
 658  694
 659  694
 660  693
 661  693
 662  692
 663  692
 664  691
 665  690
 666  689
 667  689
 668  689
 669  689
 670  689
 671  689
 672  690
 673  690
 674  691
 675  691
 676  692
 677  692
 678  693
 679  693
 680  694
 681  694
 682  694
 683  695
 684  695
 685  696
 686  695
 686  694
 686  693
 685  692
 685  691
 684  690
 683  689
 682  688
 681  687
 680  686
 679  686
 678  685
 677  684
 676  683
 675  682
 674  682
 673  681
 672  681
 671  680
 670  679
 670  678
 669  677
 669  676
 668  675
 667  674
 666  673
 665  672
 664  671
 664  670
 663  669
 663  668
 662  667
 662  666
 661  665
 661  664
 661  663
 660  662
 660  661
 660  660
 659  659
 658  658
 657  657
 657  656
 656  655
 656  654
 655  653
 655  652
 654  651
 654  650
 653  649
 652  648
 652  647
 651  646
 650  646
 649  646
 648  647
 648  648
 648  649
 648  650
 648  651
 648  652
 648  653
 648  654
 648  655
 648  656
 649  657
 650  657
 650  658
 650  659
 651  660
 650  661
 650  662
 649  663
 648  664
 647  665
 647  666
 646  667
 646  668
 646  669
 645  670
 645  671
 644  672
 644  673
 645  674
 645  675
 645  676
 644  677
 644  678
 644  679
 644  680
 645  681
 646  682
 646  683
 647  684
 648  685
 649  686
 650  687
 650  688
 650  689
 650  690
 650  691
 650  692
 650  693
 649  693
 648  693
 647  693
 646  693
 645  693
 644  692
 643  692
 643  691
 642  690
 641  689
 640  689
 639  689
 638  689
 637  690
 636  690
 635  691
 634  692
 633  692
 632  692
 631  692
 631  691
 631  690
 631  689
 631  688
 630  687
 629  686
 628  685
 627  685
 626  684
 625  684
 625  683
 624  682
 623  682
 622  683
 621  682
 620  681
 620  680
 620  679
 620  678
 620  677
 620  676
 620  675
 620  674
 620  673
 620  672
 620  671
 620  670
 619  669
 619  668
 618  667
 618  666
 617  665
 616  664
 615  664
 614  664
 613  663
 612  663
 611  663
 610  664
 609  665
 608  666
 607  667
 606  667
 605  668
 604  668
 603  668
 602  668
 601  667
 600  667
 600  666
 600  665
 599  664
 599  663
 600  662
 600  661
 601  660
 601  659
 601  658
 601  657
 602  656
 602  655
 602  654
 602  653
 602  652
 602  651
 602  650
 602  649
 602  648
 602  647
 602  646
 602  645
 602  644
 602  643
 602  642
 602  641
 602  640
 602  639
 601  638
 600  637
 599  637
 598  637
 597  637
 596  637
 595  637
 594  637
 593  637
 592  637
 591  637
 590  637
 589  637
 588  637
 588  636
 587  635
 587  634
 587  633
 587  632
 588  632
 589  631
 589  630
 589  629
 588  628
 587  627
 586  627
 585  627
 584  627
 583  627
 582  627
 581  627
 580  628
 579  628
 578  628
 577  628
 576  628
 575  627
 575  626
 575  625
 575  624
 575  623
 575  622
 575  621
 574  620
 574  619
 574  618
 574  617
 574  616
 575  615
 575  614
 575  613
 576  613
 577  612
 578  611
 579  611
 580  611
 581  610
 582  610
 583  610
 584  609
 584  608
 585  607
 585  606
 585  605
 584  604
 584  603
 583  602
 582  601
 581  600
 580  599
 580  598
 579  597
 579  596
 578  595
 578  594
 577  593
 576  592
 575  591
 574  590
 573  589
 572  589
 571  588
 570  588
 569  588
 568  588
 567  588
 566  588
 565  588
 564  588
 563  588
 562  589
 561  590
 560  591
 560  592
 559  593
 559  594
 558  595
 558  596
 557  596
 556  596
 555  596
 554  596
 553  596
 552  596
 551  596
 550  596
 549  596
 548  597
 547  598
 546  598
 545  598
 544  599
 543  599
 542  599
 541  598
 540  598
 539  598
 538  598
 537  598
 536  598
 535  598
 534  597
 533  597
 532  597
 531  597
 530  596
 529  597
 528  597
 527  598
 526  598
 525  599
 524  599
 523  600
 522  601
 521  601
 520  602
 519  603
 518  604
 517  604
 516  605
 516  606
 516  607
 516  608
 516  609
 515  610
 515  611
 515  612
 515  613
 515  614
 515  615
 515  616
 516  617
 517  618
 518  619
 518  620
 519  621
 520  622
 521  623
 522  624
 523  625
 524  626
 524  627
 525  628
 524  629
 523  629
 522  629
 521  628
 520  628
 519  628
 518  629
 518  630
 518  631
 518  632
 518  633
 518  634
 518  635
 518  636
 518  637
 519  638
 519  639
 520  640
 520  641
 520  642
 519  643
 518  643
 517  644
 516  645
 515  645
 514  644
 514  643
 513  642
 513  641
 513  640
 513  639
 513  638
 512  637
 512  636
 512  635
 511  634
 511  633
 511  632
 511  631
 511  630
 510  629
 510  628
 510  627
 510  626
 510  625
 510  624
 510  623
 510  622
 510  621
 510  620
 510  619
 510  618
 510  617
 510  616
 510  615
 510  614
 509  613
 509  612
 509  611
 508  610
 508  609
 507  608
 508  607
 509  606
 509  605
 509  604
 509  603
 508  602
 508  601
 507  600
 506  600
 505  600
 504  600
 503  600
 502  600
 501  601
 500  602
 499  603
 498  604
 497  605
 496  606
 495  606
 494  607
 493  607
 492  608
 491  608
 490  609
 489  610
 489  611
 489  612
 488  613
 487  614
 487  615
 487  616
 486  617
 485  616
 484  615
 483  614
 483  613
 483  612
 482  611
 481  610
 481  609
 480  608
 479  607
 478  607
 477  607
 476  607
 475  607
 474  607
 473  607
 472  607
 471  607
 470  607
 469  606
 468  605
 468  604
