   x    y
 359  512
 360  511
 361  510
 361  509
 361  508
 362  508
 363  508
 364  508
 365  508
 366  508
 367  508
 368  509
 369  509
 369  510
 369  511
 369  512
 369  513
 369  514
 368  515
 367  515
 366  516
 365  516
 364  516
 363  516
 362  516
 361  515
 360  514
 359  513
 359  512
 475  509
 476  508
 476  507
 476  506
 476  505
 476  504
 476  503
 476  502
 476  501
 476  500
 476  499
 476  498
 476  497
 476  496
 476  495
 476  494
 476  493
 476  492
 476  491
 476  490
 475  489
 475  488
 475  487
 474  486
 474  485
 474  484
 474  483
 474  482
 474  481
 474  480
 474  479
 475  478
 475  477
 474  476
 474  475
 475  474
 475  473
 475  472
 475  471
 475  470
 475  469
 475  468
 475  467
 475  466
 475  465
 475  464
 475  463
 475  462
 475  461
 475  460
 475  459
 475  458
 475  457
 475  456
 476  455
 476  454
 476  453
 477  452
 477  451
 478  450
 478  449
 479  448
 479  447
 480  446
 481  445
 482  444
 482  443
 483  442
 484  441
 484  440
 485  439
 486  438
 486  437
 486  436
 487  435
 488  434
 488  433
 489  432
 489  431
 489  430
 490  429
 490  428
 491  428
 492  427
 493  426
 494  426
 495  425
 495  426
 495  427
 495  428
 495  429
 494  430
 493  431
 493  432
 493  433
 492  434
 492  435
 491  436
 491  437
 490  438
 490  439
 489  440
 489  441
 488  442
 488  443
 488  444
 488  445
 489  446
 490  447
 491  447
 492  447
 493  447
 494  446
 494  445
 495  444
 496  444
 497  444
 498  444
 497  445
 497  446
 498  447
 498  448
 497  449
 496  450
 496  451
 495  452
 495  453
 495  454
 495  455
 495  456
 495  457
 495  458
 494  459
 494  460
 493  461
 493  462
 492  463
 492  464
 492  465
 491  466
 490  467
 489  467
 488  468
 488  469
 487  470
 486  471
 485  472
 484  473
 484  474
 484  475
 483  476
 483  477
 482  478
 482  479
 482  480
 482  481
 482  482
 482  483
 482  484
 482  485
 482  486
 482  487
 483  488
 483  489
 483  490
 483  491
 483  492
 483  493
 483  494
 483  495
 483  496
 483  497
 483  498
 483  499
 482  500
 482  501
 482  502
 482  503
 482  504
 481  505
 481  506
 481  507
 481  508
 481  509
 481  510
 480  511
 480  512
 479  513
 479  514
 479  515
 478  516
 478  517
 478  518
 477  519
 477  520
 476  521
 475  522
 474  523
 473  524
 473  525
 472  526
 471  527
 470  528
 469  529
 469  530
 469  531
 468  532
 467  533
 467  534
 466  535
 466  536
 465  537
 465  538
 464  538
 407  475
 406  475
 405  475
 404  475
 403  475
 402  476
 401  475
 400  476
 399  476
 398  476
 397  477
 396  477
 395  478
 394  478
 393  479
 392  480
 391  480
 390  481
 389  482
 388  483
 387  483
 386  483
 385  483
 384  482
 383  482
 382  482
 381  482
 380  483
 379  484
 378  485
 378  486
 378  487
 377  488
 376  488
 375  488
 374  487
 373  487
 373  486
 374  485
 374  484
 375  483
 376  482
 377  481
 378  480
 378  479
 379  478
 380  477
 381  476
 382  476
 383  476
 384  476
 385  476
 386  476
 387  476
 388  476
 389  476
 390  475
 391  474
 392  473
 392  472
 392  471
 393  470
 393  469
 394  468
 394  467
 395  467
 396  466
 397  466
 398  466
 399  466
 400  465
 401  465
 402  465
 403  465
 404  464
 405  464
 406  463
 406  462
 406  461
 405  460
 404  460
 403  459
 402  460
 401  460
 400  461
 399  462
 398  462
 397  462
 396  461
 395  461
 394  461
 393  461
 392  462
 391  462
 390  462
 389  462
 388  462
 387  462
 386  462
 385  462
 384  462
 383  462
 382  463
 381  464
 381  465
 380  466
 379  467
 379  468
 378  469
 378  470
 377  471
 377  472
 376  472
 375  473
 374  473
 373  473
 372  473
 371  473
 370  474
 369  474
 368  475
 367  475
 366  476
 365  476
 364  477
 364  478
 363  479
 362  480
 361  480
 361  479
 577  355
 578  356
 579  356
 579  357
 580  358
 580  359
 580  360
 580  361
 580  362
 580  363
 580  364
 580  365
 580  366
 580  367
 580  368
 580  369
 580  370
 580  371
 581  372
 581  373
 581  374
 582  375
 583  376
 583  377
 583  378
 583  379
 583  380
 583  381
 583  382
 583  383
 583  384
 583  385
 583  386
 583  387
 584  388
 584  389
 584  390
 584  391
 584  392
 583  393
 583  394
 583  395
 582  396
 582  397
 581  398
 580  399
 579  400
 578  400
 577  400
 576  400
 575  399
 575  398
 575  397
 575  396
 575  395
 575  394
 575  393
 575  392
 575  391
 575  390
 575  389
 575  388
 575  387
 575  386
 576  385
 576  384
 576  383
 576  382
 575  381
 575  380
 574  379
 574  378
 574  377
 574  376
 575  375
 575  374
 574  373
 573  372
 572  371
 571  371
 570  371
 569  371
 568  370
 567  370
 566  370
 565  369
 565  368
 564  367
 563  366
 562  365
 562  364
 562  363
 563  362
 564  361
 564  360
 563  359
 562  359
 561  358
 560  358
 559  358
 558  358
 557  357
 556  356
 555  355
 554  355
 553  355
 552  355
 551  355
 550  355
 549  354
 548  353
 548  352
 500  562
 500  563
 500  564
 500  565
 500  566
 500  567
 500  568
 500  569
 499  569
 498  569
 497  570
 497  571
 496  572
 495  573
 494  574
 493  575
 492  576
 492  577
 491  578
 490  579
 489  580
 489  581
 488  582
 488  583
 488  584
 488  585
 488  586
 487  587
 486  588
 486  589
 485  590
 485  591
 485  592
 485  593
 484  594
 484  595
 484  596
 483  596
 482  597
 481  598
 481  599
 481  600
 480  601
 480  602
 479  603
 479  604
 478  605
 478  606
 477  607
 476  608
 475  609
 475  608
 475  607
 474  606
 474  605
 474  604
 474  603
 474  602
 475  601
 475  600
 475  599
 475  598
 474  597
 473  597
 472  597
 471  598
 470  598
 469  599
 468  599
 467  600
 466  601
 465  602
 464  602
 463  603
 463  604
 462  604
 461  605
 460  606
 459  607
 458  607
 457  608
 456  609
 455  610
 454  610
 453  611
 452  612
 451  613
 450  614
 449  614
 448  615
 447  616
 446  617
 445  618
 444  619
 443  620
 442  620
 441  621
 440  622
 439  623
 438  624
 437  625
 436  626
 435  626
 434  627
 433  628
 432  628
 431  629
 430  630
 429  631
 428  631
 427  632
 427  633
 426  634
 425  635
 424  635
 423  636
 422  637
 421  637
 420  637
 419  637
 419  636
 645  604
 644  604
 643  605
 643  606
 643  607
 643  608
 644  609
 644  610
 645  611
 645  612
 646  613
 646  614
 647  615
 647  616
 647  617
 647  618
 648  619
 648  620
 649  621
 649  622
 649  623
 649  624
 650  625
 650  626
 650  627
 651  628
 651  629
 652  630
 652  631
 653  632
 654  633
 655  633
 655  634
 656  635
 657  636
 658  636
 659  636
 660  635
 661  634
 662  633
 661  632
 660  631
 659  631
 659  630
 659  629
 658  628
 659  627
 659  626
 660  625
 661  625
 662  625
 663  625
 664  625
 665  626
 666  627
 667  628
 668  629
 669  630
 670  631
 671  632
 671  633
 671  634
 671  635
 671  636
 671  637
 671  638
 671  639
 671  640
 671  641
 671  642
 671  643
 671  644
 671  645
 671  646
 672  647
 672  648
 672  649
 672  650
 672  651
 673  652
 673  653
 674  654
 675  655
 675  656
 676  657
 676  658
 677  659
 677  660
 678  661
 679  662
 679  663
 680  664
 681  665
 681  666
 682  667
 683  668
 683  669
 684  670
 685  671
 686  672
 686  673
 687  674
 687  675
 688  676
 688  677
 689  678
 689  679
 689  680
 689  681
 689  682
 689  683
 690  684
 690  685
 691  686
 691  687
 692  688
 692  689
 692  690
 693  691
 693  692
 693  693
 693  694
 693  695
 694  696
 694  697
 695  698
 695  699
 696  700
 696  701
 697  702
 698  703
 698  704
 698  705
 698  706
 697  706
 696  706
 695  707
 695  708
 695  709
 694  710
 694  711
 695  712
 695  713
 694  714
 695  715
 695  716
 695  717
 695  718
 695  719
 695  720
 695  721
 694  721
 693  721
 692  722
 692  723
 692  724
 692  725
 693  726
 693  727
 693  728
 694  729
 695  730
 696  730
 696  731
 696  732
 696  733
 696  734
 696  735
 696  736
 696  737
 696  738
 695  739
 695  740
 695  741
 695  742
 695  743
 696  744
 696  745
 695  746
 694  746
 693  747
 692  747
 691  747
 690  747
 689  747
 688  747
 687  747
 686  747
 685  747
 684  747
 683  747
 682  747
 681  747
 680  747
 679  747
 678  746
 677  746
 676  746
 676  745
 676  744
 676  743
 675  742
 674  741
 673  741
 672  740
 671  739
 670  738
 669  737
 668  736
 667  735
 666  734
 665  733
 665  732
 665  731
 665  730
 664  729
 664  728
 664  727
 664  726
 664  725
 664  724
 664  723
 664  722
 663  721
 663  720
 662  719
 661  718
 660  717
 659  716
 658  715
 657  714
 656  713
 656  712
 655  711
 654  710
 654  709
 654  708
 653  707
 653  706
 653  705
 653  704
 653  703
 653  702
 653  701
 653  700
 654  699
 654  698
 654  697
 654  696
 655  696
 656  696
 657  695
 658  694
 659  694
 660  693
 661  693
 662  692
 663  692
 664  691
 665  690
 666  689
 667  689
 668  689
 669  689
 670  689
 671  689
 672  690
 673  690
 674  691
 675  691
 676  692
 677  692
 678  693
 679  693
 680  694
 681  694
 682  694
 683  695
 684  695
 685  696
 686  695
 686  694
 686  693
 685  692
 685  691
 684  690
 683  689
 682  688
 681  687
 680  686
 679  686
 678  685
 677  684
 676  683
 675  682
 674  682
 673  681
 672  681
 671  680
 670  679
 670  678
 669  677
 669  676
 668  675
 667  674
 666  673
 665  672
 664  671
 664  670
 663  669
 663  668
 662  667
 662  666
 661  665
 661  664
 661  663
 660  662
 660  661
 660  660
 659  659
 658  658
 657  657
 657  656
 656  655
 656  654
 655  653
 655  652
 654  651
 654  650
 653  649
 652  648
 652  647
 651  646
 650  646
 649  646
 648  647
 648  648
 648  649
 648  650
 648  651
 648  652
 648  653
 648  654
 648  655
 648  656
 649  657
 650  657
 650  658
 650  659
 651  660
 650  661
 650  662
 649  663
 648  664
 647  665
 647  666
 646  667
 646  668
 646  669
 645  670
 645  671
 644  672
 644  673
 645  674
 645  675
 645  676
 644  677
 644  678
 644  679
 644  680
 645  681
 646  682
 646  683
 647  684
 648  685
 649  686
 650  687
 650  688
 650  689
 650  690
 650  691
 650  692
 650  693
 649  693
 648  693
 647  693
 646  693
 645  693
 644  692
 643  692
 643  691
 642  690
 641  689
 640  689
 639  689
 638  689
 637  690
 636  690
 635  691
 634  692
 633  692
 632  692
 631  692
 631  691
 631  690
 631  689
 631  688
 630  687
 629  686
 628  685
 627  685
 626  684
 625  684
 625  683
 624  682
 623  682
 622  683
 621  682
 620  681
 620  680
 620  679
 620  678
 620  677
 620  676
 620  675
 620  674
 620  673
 620  672
 620  671
 620  670
 619  669
 619  668
 618  667
 618  666
 617  665
 616  664
 615  664
 614  664
 613  663
 612  663
 611  663
 610  664
 609  665
 608  666
 607  667
 606  667
 605  668
 604  668
 603  668
 602  668
 601  667
 600  667
 600  666
 600  665
 599  664
 599  663
 600  662
 600  661
 601  660
 601  659
 601  658
 601  657
 602  656
 602  655
 602  654
 602  653
 602  652
 602  651
 602  650
 602  649
 602  648
 602  647
 602  646
 602  645
 602  644
 602  643
 602  642
 602  641
 602  640
 602  639
 601  638
 600  637
 599  637
 598  637
 597  637
 596  637
 595  637
 594  637
 593  637
 592  637
 591  637
 590  637
 589  637
 588  637
 588  636
 587  635
 587  634
 587  633
 587  632
 588  632
 589  631
 589  630
 589  629
 588  628
 587  627
 586  627
 585  627
 584  627
 583  627
 582  627
 581  627
 580  628
 579  628
 578  628
 577  628
 576  628
 575  627
 575  626
 575  625
 575  624
 575  623
 575  622
 575  621
 574  620
 574  619
 574  618
 574  617
 574  616
 575  615
 575  614
 575  613
 576  613
 577  612
 578  611
 579  611
 580  611
 581  610
 582  610
 583  610
 584  609
 584  608
 585  607
 585  606
 585  605
 584  604
 584  603
 583  602
 582  601
 581  600
 580  599
 580  598
 579  597
 579  596
 578  595
 578  594
 577  593
 576  592
 575  591
 574  590
 573  589
 572  589
 571  588
 570  588
 569  588
 568  588
 567  588
 566  588
 565  588
 564  588
 563  588
 562  589
 561  590
 560  591
 560  592
 559  593
 559  594
 558  595
 558  596
 557  596
 556  596
 555  596
 554  596
 553  596
 552  596
 551  596
 550  596
 549  596
 548  597
 547  598
 546  598
 545  598
 544  599
 543  599
 542  599
 541  598
 540  598
 539  598
 538  598
 537  598
 536  598
 535  598
 534  597
 533  597
 532  597
 531  597
 530  596
 529  597
 528  597
 527  598
 526  598
 525  599
 524  599
 523  600
 522  601
 521  601
 520  602
 519  603
 518  604
 517  604
 516  605
 516  606
 516  607
 516  608
 516  609
 515  610
 515  611
 515  612
 515  613
 515  614
 515  615
 515  616
 516  617
 517  618
 518  619
 518  620
 519  621
 520  622
 521  623
 522  624
 523  625
 524  626
 524  627
 525  628
 524  629
 523  629
 522  629
 521  628
 520  628
 519  628
 518  629
 518  630
 518  631
 518  632
 518  633
 518  634
 518  635
 518  636
 518  637
 519  638
 519  639
 520  640
 520  641
 520  642
 519  643
 518  643
 517  644
 516  645
 515  645
 514  644
 514  643
 513  642
 513  641
 513  640
 513  639
 513  638
 512  637
 512  636
 512  635
 511  634
 511  633
 511  632
 511  631
 511  630
 510  629
 510  628
 510  627
 510  626
 510  625
 510  624
 510  623
 510  622
 510  621
 510  620
 510  619
 510  618
 510  617
 510  616
 510  615
 510  614
 509  613
 509  612
 509  611
 508  610
 508  609
 507  608
 508  607
 509  606
 509  605
 509  604
 509  603
 508  602
 508  601
 507  600
 506  600
 505  600
 504  600
 503  600
 502  600
 501  601
 500  602
 499  603
 498  604
 497  605
 496  606
 495  606
 494  607
 493  607
 492  608
 491  608
 490  609
 489  610
 489  611
 489  612
 488  613
 487  614
 487  615
 487  616
 486  617
 485  616
 484  615
 483  614
 483  613
 483  612
 482  611
 481  610
 481  609
 480  608
 479  607
 478  607
 477  607
 476  607
 475  607
 474  607
 473  607
 472  607
 471  607
 470  607
 469  606
 468  605
 468  604
