   x    y
 286  368
 287  367
 288  367
 289  367
 290  367
 291  368
 292  369
 293  370
 294  370
 295  370
 296  369
 296  368
 297  367
 298  366
 299  366
 300  366
 301  365
 302  364
 303  364
 304  365
 305  365
 306  365
 307  366
 308  366
 309  367
 310  368
 311  369
 312  370
 312  371
 312  372
 312  373
 312  374
 312  375
 312  376
 311  377
 311  378
 310  379
 309  380
 308  381
 307  381
 306  381
 305  382
 304  382
 303  382
 302  381
 301  380
 300  379
 299  378
 298  377
 297  376
 296  375
 295  374
 294  374
 293  374
 292  374
 291  374
 290  374
 289  374
 288  374
 287  374
 287  373
 287  372
 286  371
 286  370
 286  369
 286  368
 485  589
 486  588
 486  587
 487  586
 488  586
 489  586
 489  587
 489  588
 489  589
 489  590
 488  591
 488  592
 488  593
 488  594
 488  595
 488  596
 487  597
 487  598
 486  599
 485  600
 485  601
 485  602
 486  603
 487  604
 488  605
 488  606
 488  607
 488  608
 488  609
 489  610
 490  611
 491  612
 492  612
 493  612
 494  612
 494  613
 494  614
 494  615
 494  616
 494  617
 494  618
 493  618
 492  619
 491  620
 490  621
 490  622
 490  623
 490  624
 489  625
 488  626
 487  625
 486  625
 485  624
 484  624
 484  623
 484  622
 484  621
 484  620
 484  619
 485  618
 484  617
 484  616
 484  615
 485  614
 486  613
 485  612
 484  611
 483  610
 482  610
 481  611
 480  612
 479  612
 478  612
 477  612
 476  611
 475  610
 474  609
 474  608
 474  607
 475  606
 475  605
 475  604
 474  603
 474  602
 473  601
 472  601
 471  601
 471  600
 471  599
 471  598
 489  387
 489  388
 489  389
 489  390
 489  391
 489  392
 489  393
 489  394
 489  395
 490  396
 490  397
 490  398
 490  399
 491  400
 491  401
 491  402
 492  403
 492  404
 492  405
 492  406
 493  407
 493  408
 494  409
 495  410
 495  411
 496  412
 496  413
 497  414
 497  415
 498  416
 498  417
 499  418
 500  419
 500  420
 501  421
 502  422
 502  423
 503  424
 504  424
 505  424
 506  424
 507  424
 508  423
 508  422
 508  421
 508  420
 509  419
 509  418
 510  417
 511  416
 511  415
 511  414
 511  413
 512  412
 513  412
 514  412
 515  412
 515  413
 515  414
 515  415
 516  416
 517  416
 518  416
 519  415
 520  415
 521  414
 522  414
 523  414
 524  415
 525  415
 526  414
 527  414
 528  414
 529  413
 530  412
 531  411
 532  411
 533  410
 534  410
 535  410
 536  410
 537  411
 538  412
 539  413
 540  413
 541  413
 541  414
 541  415
 540  416
 539  416
 538  416
 537  417
 536  417
 535  418
 534  419
 534  420
 533  420
 532  420
 531  420
 530  421
 529  421
 528  422
 527  422
 526  422
 525  422
 524  422
 523  422
 522  423
 521  424
 520  424
 519  425
 518  425
 517  426
 517  427
 517  428
 517  429
 516  430
 516  431
 517  432
 517  433
 518  434
 519  435
 520  435
 521  435
 522  436
 523  437
 523  438
 524  439
 525  440
 525  441
 526  442
 527  443
 528  444
 529  444
 530  444
 531  444
 532  444
 533  444
 534  444
 535  444
 536  444
 537  444
 538  444
 539  443
 540  443
 541  442
 542  442
 543  441
 544  440
 545  439
 546  439
 547  439
 547  440
 547  441
 547  442
 547  443
 547  444
 548  445
 549  446
 550  446
 551  447
 552  448
 553  448
 554  448
 555  449
 554  450
 553  449
 552  449
 551  449
 550  449
 549  448
 548  448
 547  448
 546  448
 545  448
 544  448
 543  448
 542  448
 541  448
 540  448
 539  448
 538  448
 537  449
 536  449
 535  450
 534  451
 533  452
 532  452
 531  452
 530  452
 529  451
 528  450
 527  450
 526  450
 525  450
 524  450
 523  451
 524  452
 524  453
 524  454
 525  455
 526  456
 526  457
 526  458
 527  459
 528  460
 529  461
 530  462
 530  463
 531  464
 532  464
 533  465
 534  466
 535  466
 536  467
 537  468
 538  468
 538  469
 539  470
 540  471
 541  471
 542  472
 543  472
 544  473
 545  474
 546  474
 547  475
 548  475
 549  475
 550  476
 551  476
 552  476
 553  477
 554  477
 555  478
 556  479
 557  479
 557  480
 557  481
 557  482
 557  483
 557  484
 556  484
 555  484
 554  483
 553  482
 552  482
 551  481
 550  481
 549  480
 548  479
 547  479
 546  479
 545  478
 544  478
 543  477
 542  476
 541  476
 540  475
 539  474
 538  474
 537  473
 536  472
 535  472
 534  471
 533  471
 532  470
 531  469
 530  468
 529  468
 529  467
 528  466
 527  466
 526  465
 525  464
 524  464
 523  464
 522  463
 521  462
 520  463
 519  463
 518  463
 517  462
 517  461
 516  460
 515  459
 514  458
 513  457
 512  457
 511  457
 510  457
 509  458
 509  459
 509  460
 509  461
 509  462
 510  463
 510  464
 509  465
 509  466
 508  466
 507  467
 506  467
 505  466
 505  465
 504  464
 504  463
 504  462
 504  461
 504  460
 504  459
 503  458
 502  458
 501  458
 500  458
 499  459
 498  460
 497  461
 497  462
 497  463
 496  464
 495  465
 495  466
 495  467
 495  468
 496  469
 496  470
 496  471
 497  472
 497  473
 497  474
 497  475
 497  476
 497  477
 497  478
 496  478
 495  479
 494  480
 493  481
 492  481
 491  481
 490  481
 489  481
 488  481
 487  481
 486  481
 485  482
 485  483
 485  484
 484  485
 484  486
 484  487
 484  488
 483  489
 483  490
 482  490
 481  490
 480  490
 480  489
 479  488
 479  487
 479  486
 479  485
 479  484
 479  483
 479  482
 479  481
 478  480
 477  479
 476  478
 475  478
 474  478
 473  477
 472  476
 472  475
 472  474
 473  473
 474  473
 475  474
 476  474
 477  475
 478  475
 479  475
 480  475
 481  474
 482  473
 482  472
 482  471
 482  470
 482  469
 483  469
 484  468
 485  468
 486  468
 487  468
 488  467
 489  466
 490  466
 491  465
 491  464
 492  463
 493  462
 493  461
 494  460
 495  459
 495  458
 495  457
 496  456
 496  455
 497  454
 497  453
 497  452
 496  451
 496  450
 495  449
 495  448
 495  447
 495  446
 495  445
 494  444
 494  443
 494  442
 493  441
 493  440
 493  439
 493  438
 494  437
 494  436
 494  435
 493  434
 493  433
 492  432
 491  431
 490  431
 489  431
 488  430
 487  430
 486  429
 485  429
 484  429
 483  429
 482  428
 481  428
 480  429
 479  429
 478  429
 477  429
 476  429
 475  429
 474  430
 473  430
 472  431
 471  431
 470  431
 469  431
 468  431
 467  431
 466  431
 465  431
 464  431
 463  431
 462  431
 461  431
 460  431
 459  431
 458  431
 457  431
 456  432
 455  432
 454  432
 453  432
 452  432
 451  432
 450  432
 450  431
 450  430
 450  429
 450  428
 449  427
 448  426
 447  425
 446  424
 445  423
 445  422
 445  421
 445  420
 445  419
 492  554
 491  555
 491  556
 490  557
 489  558
 488  558
 487  558
 486  558
 485  558
 484  559
 483  559
 482  559
 481  559
 480  558
 479  558
 478  558
 477  558
 476  558
 475  559
 474  559
 473  560
 472  561
 471  562
 470  563
 469  563
 468  564
 467  564
 466  565
 465  566
 464  566
 463  566
 462  567
 461  568
 460  568
 459  569
 458  569
 457  569
 456  569
 455  568
 454  569
 453  570
 452  570
 451  571
 450  571
 449  571
 448  571
 447  571
 446  571
 445  571
 444  571
 443  571
 442  571
 441  571
 440  571
 439  571
 438  571
 437  571
 436  571
 435  571
 434  570
 433  570
 433  569
 433  568
 433  567
 433  566
 433  565
 433  564
 433  563
 434  562
 435  562
 436  562
 437  562
 438  562
 439  561
 440  561
 441  561
 442  561
 443  562
 444  562
 445  563
 446  563
 447  564
 448  564
 449  565
 449  566
 450  567
 451  566
 452  566
 453  566
 454  566
 455  565
 456  564
 457  563
 458  563
 459  562
 460  561
 461  561
 462  560
 463  559
 464  559
 465  558
 466  558
 467  557
 468  556
 469  556
 470  555
 471  554
 472  553
 473  552
 474  551
 474  550
 475  549
 474  548
 473  548
 472  548
 471  548
 470  548
 469  548
 468  548
 467  549
 466  550
 465  551
 464  552
 463  553
 462  553
 461  554
 460  554
 459  555
 458  556
 457  557
 456  557
 455  558
 454  559
 453  559
 452  560
 451  560
 450  560
 449  560
 448  560
 447  560
 446  560
 446  559
 445  558
 446  558
 447  557
 448  557
 449  556
 450  556
 451  555
 452  554
 453  554
 454  553
 455  552
 456  552
 457  551
 458  550
 458  549
 459  548
 460  548
 461  547
 462  546
 463  545
 464  545
 465  544
 466  544
 467  543
 468  543
 469  542
 470  541
 471  541
 472  540
 472  539
 472  538
 473  537
 473  536
 474  536
 475  536
 476  535
 477  534
 477  533
 478  532
 478  531
 479  530
 480  529
 480  528
 479  527
 478  526
 478  525
 478  524
 478  523
 479  522
 479  521
 479  520
 480  519
 481  519
 482  519
 483  519
 484  519
 485  519
 486  519
 487  519
 488  520
 489  521
 490  521
 491  521
 492  521
 493  521
 494  521
 495  521
 496  521
 497  522
 498  523
 499  523
 500  523
 501  524
 502  524
 503  524
 504  525
 505  525
 506  526
 507  526
 508  527
 509  528
 510  528
 511  529
 512  530
 513  530
 514  531
 515  531
 516  531
 517  532
 518  532
 519  532
 520  532
 521  532
 522  532
 523  533
 524  532
 524  531
 524  530
 523  529
 523  528
 523  527
 523  526
 524  525
 524  524
 524  523
 524  522
 524  521
 525  521
 526  521
 527  521
 527  522
 528  523
 528  524
 528  525
 528  526
 528  527
 528  528
 528  529
 527  530
 527  531
 526  532
 527  533
 528  534
 529  534
 530  534
 531  533
 532  532
 532  531
 533  531
 534  530
 535  529
 536  529
 537  528
 538  527
 539  526
 540  527
 541  528
 542  529
 543  529
 544  529
 545  529
 546  529
 547  529
 548  529
 549  529
 550  529
 551  529
 552  529
 553  529
 554  529
 555  529
 556  529
 557  528
 558  527
 558  526
 558  525
 558  524
 558  523
 557  522
 556  521
 555  520
 554  520
 553  519
 552  519
 551  519
 550  518
 549  518
 548  518
 547  517
 546  517
 545  517
 544  516
 543  516
 542  515
 541  515
 540  515
 539  514
 538  514
 537  513
 536  513
 535  512
 535  511
 534  510
 533  510
 534  510
 535  510
 536  509
 537  509
 538  509
 539  509
 540  509
 541  510
 542  510
 543  511
 544  511
 545  511
 546  512
 547  512
 548  512
 549  512
 550  512
 551  512
 552  512
 553  512
 554  511
 555  511
 556  511
 557  510
 557  509
 557  508
 556  507
 555  506
 554  505
 553  504
 553  503
 553  502
 552  501
 552  500
 552  499
 552  498
 552  497
 553  497
 554  496
 555  496
 556  496
 557  496
 558  497
 559  497
 560  498
 561  499
 562  500
 563  501
 564  502
 565  502
 566  501
 566  500
 567  501
 567  502
 568  503
 569  503
 570  502
 570  501
 571  500
 572  499
 571  498
 571  497
 571  496
 572  495
 573  494
 574  493
 575  492
 576  492
 577  492
 578  493
 579  494
 580  495
 581  496
 582  496
 583  496
 584  496
 585  496
 586  496
 587  495
 588  495
 589  494
 590  493
 591  492
 592  492
 593  491
 594  490
 595  489
 595  488
 595  487
 595  486
 595  485
 595  484
 594  483
 594  482
 593  481
 592  480
 591  479
 590  479
 589  479
 588  479
 587  479
 586  480
 585  480
 584  480
 583  479
 582  478
 582  477
 582  476
 581  475
 580  475
 579  475
 578  475
 577  475
 576  476
 576  477
 575  478
 574  479
 573  479
 572  479
 571  479
 570  479
 569  478
 568  477
 567  476
 567  475
 567  474
 567  473
 567  472
 566  471
 565  470
 564  470
 563  470
 562  471
 561  471
 560  471
 559  471
 558  471
 557  471
 556  471
 555  471
 554  471
 553  471
 552  471
 551  471
 550  471
 549  471
 548  470
 547  470
 546  469
 545  468
 544  467
 543  466
 542  465
 541  465
 540  465
 539  465
 538  464
 537  464
 536  464
 535  463
 534  463
 533  463
 532  463
 531  464
 530  464
 529  464
 528  464
 527  465
 527  466
 527  467
 526  468
 526  469
 525  470
 525  471
 524  472
 524  473
 524  474
 525  475
 526  476
 527  476
 528  477
 529  478
 529  479
 528  480
 528  481
 529  482
 529  483
 530  484
 530  485
 531  486
 532  487
 533  487
 534  487
 535  488
 536  489
 537  489
 538  489
 539  489
 540  490
 541  490
 542  491
 543  491
 543  492
 544  493
 545  494
 546  495
 546  496
 546  497
 547  498
 547  499
 546  498
 545  499
 544  499
 543  499
 542  498
 541  497
 540  497
 539  496
 538  496
 537  496
 536  496
 535  496
 534  496
 533  497
 532  498
 533  499
 532  500
 531  501
 530  502
 530  503
 529  503
 528  504
 527  505
 527  506
 526  507
 525  507
 524  508
 523  509
 522  510
 521  511
 520  511
 519  511
 518  511
 517  512
 516  512
 515  512
 514  513
 513  513
 512  513
 511  512
 510  512
 509  512
 508  512
 507  513
 506  513
 505  512
 504  512
 503  512
 502  512
 501  511
 500  511
 499  511
 498  510
 497  510
 497  509
 496  508
 496  507
 495  506
 494  506
 493  505
 493  504
 492  503
 492  502
 492  501
 492  500
 491  499
 490  500
 489  500
 488  500
 487  500
 486  500
 485  500
 484  500
 483  500
 482  500
 481  500
 480  499
 479  499
 478  499
 477  498
 477  497
 476  496
 475  496
 474  497
 473  498
 472  498
 471  499
 470  500
 469  500
 468  501
 467  502
 466  502
 465  502
 464  503
 463  503
 462  503
 461  503
 460  503
 459  503
 458  503
 457  503
 456  502
 456  501
 456  500
 456  499
 456  498
 456  497
 456  496
 456  495
 457  494
 458  494
 459  494
 460  493
 461  493
 462  492
 462  491
 462  490
 461  489
 460  488
 459  487
 458  487
 457  487
 456  487
 455  487
 454  487
 453  487
 452  486
 451  485
 450  486
 449  486
 448  487
 447  488
 446  488
 445  489
 444  490
 443  490
 442  491
 441  492
 440  493
 439  493
 438  493
 437  493
 436  493
 435  493
 434  493
 434  492
 433  491
 432  490
 431  489
 431  488
 431  487
 431  486
 431  485
 432  485
 433  485
 434  485
 435  485
 436  485
 437  485
 438  484
 439  483
 440  483
 441  483
 442  483
 443  483
 444  482
 443  481
 442  480
 441  480
 440  479
 439  478
 438  478
 437  478
 436  478
 435  478
 434  478
 433  478
 432  478
 431  478
 430  478
 429  478
 428  478
 427  478
 426  478
 425  478
 424  478
 423  478
 422  477
 421  477
 420  477
 419  477
 418  476
 417  476
 416  475
 415  475
 414  474
 413  474
 412  473
 411  473
 410  472
 409  472
 408  471
 407  470
 407  469
 609  539
 609  540
 610  541
 611  542
 611  543
 612  544
 612  545
 612  546
 612  547
 612  548
 613  549
 614  549
 615  549
 616  549
 617  549
 618  549
 619  549
 620  549
 621  549
 622  548
 623  548
 624  547
 624  546
 625  545
 625  544
 625  543
 625  542
 624  541
 624  540
 624  539
 624  538
 624  537
 624  536
 624  535
 624  534
 624  533
 624  532
 624  531
 624  530
 623  529
 622  530
 621  530
 620  530
 619  530
 618  530
 617  530
 618  529
 618  528
 619  527
 620  527
 621  526
 622  526
 623  525
 624  525
 625  525
 626  524
 627  524
 628  524
 629  524
 630  525
 631  525
 632  526
 632  527
 633  528
 634  528
 635  528
 636  529
 637  529
 638  529
 639  529
 640  529
 641  530
 642  531
 643  531
 644  532
 645  532
 646  533
 647  533
 648  533
 649  532
 650  532
 651  531
 652  530
 653  530
 654  530
 655  530
 656  530
 657  530
 658  530
 659  530
 660  530
 661  530
 662  530
 663  530
 664  530
 665  529
 666  528
 667  528
 668  527
 669  527
 670  527
 671  527
 672  527
 673  527
 674  527
 674  528
 673  529
 673  530
 672  531
 671  532
 670  533
 669  534
 668  534
 667  534
 666  534
 665  534
 664  535
 663  535
 662  536
 661  537
 662  538
 663  538
 664  538
 665  538
 666  538
 667  538
 668  538
 669  538
 670  539
 670  540
 670  541
 670  542
 670  543
 670  544
 670  545
 670  546
 669  547
 668  548
 668  549
 669  550
 670  550
 671  550
 672  549
 673  549
 674  548
 675  548
 676  547
 676  546
 677  545
 678  544
 678  543
 678  542
 678  541
 677  540
 676  539
 676  538
 676  537
 676  536
 677  535
 678  534
 679  535
 680  536
 681  537
 682  538
 682  539
 683  540
 682  541
 683  542
 683  543
 683  544
 683  545
 683  546
 683  547
 683  548
 683  549
 683  550
 682  551
 682  552
 681  552
 680  553
 679  553
 678  553
 677  553
 676  554
 677  555
 678  555
 677  555
 676  555
 675  555
 674  555
 673  555
 672  554
 671  554
 670  554
 669  554
 668  555
 669  556
 670  557
 671  558
 672  558
 673  559
 674  559
 675  559
 676  559
 677  559
 678  559
 679  559
 680  559
 681  559
 682  559
 683  559
 684  559
 685  559
 686  560
 687  560
 688  560
 689  560
 690  561
 691  561
 692  561
 693  562
 694  563
 695  563
 696  563
 697  564
 698  565
 699  566
 700  566
 701  567
 702  567
 703  568
 704  568
 705  569
 706  570
 707  570
 708  570
 709  570
 710  571
 711  571
 711  572
 712  573
 713  573
 713  574
 713  575
 713  576
 713  577
 713  578
 713  579
 713  580
 713  581
 713  582
 712  583
 712  584
 712  585
 712  586
 711  586
 710  587
 709  588
 708  589
 708  590
 708  591
 708  592
 708  593
 708  594
 708  595
 709  596
 710  597
 710  598
 710  599
 710  600
 710  601
 710  602
 711  603
 711  604
 712  605
 712  606
 712  607
 712  608
 711  609
 711  610
 710  611
 709  612
 708  612
 707  612
 706  612
 705  611
 705  610
 704  609
 704  608
 703  607
 702  606
 701  606
 700  605
 699  604
 698  604
 697  603
 696  602
 695  602
 694  601
 693  600
 692  599
 691  598
 690  597
 689  597
 689  596
 688  595
 687  595
 686  594
 685  594
 684  594
 683  594
 682  594
 681  594
 681  593
 681  592
 681  591
 681  590
 681  589
 681  588
 682  588
 683  588
 684  588
 685  588
 686  588
 687  588
 688  588
 689  588
 690  587
 691  587
 692  586
 693  585
 694  584
 694  583
 694  582
 694  581
 694  580
 693  579
 692  578
 691  578
 690  577
 689  576
 688  575
 688  574
 687  573
 686  573
 685  573
 684  573
 683  574
 682  575
 682  576
 682  577
 681  578
 681  579
 681  580
 680  581
 680  582
 679  583
 678  584
 677  584
 676  585
 675  585
 674  585
 673  585
 672  585
 671  585
 670  585
 669  584
 668  584
 667  583
 666  583
 665  582
 664  582
 663  581
 662  580
 661  579
 660  578
 659  577
 658  576
 658  575
 658  574
 657  573
 657  572
 657  571
 656  570
 655  569
 654  569
 653  569
 652  568
 651  568
 650  568
 650  567
 650  566
 651  565
 652  564
 652  563
 652  562
 651  561
 650  560
 649  560
 648  559
 647  559
 646  559
 645  560
 644  560
 643  560
 642  560
 641  561
 640  561
 639  561
 638  561
 637  561
 636  561
 635  561
 634  561
 633  561
 632  560
 631  560
 630  560
 629  560
 628  559
 627  559
 626  559
 625  559
 624  559
 623  558
 622  557
 621  556
 620  555
 619  555
 618  555
 617  555
 616  555
 615  555
 614  555
 613  556
 612  556
 611  557
 611  558
 610  558
 609  559
 609  560
 608  561
 608  562
 608  563
 609  564
 610  565
 610  566
 611  567
 612  568
 612  569
 612  570
 612  571
 612  572
 613  573
 613  574
 612  575
 612  576
 612  577
 611  578
 610  579
 609  579
 608  578
 607  578
 606  578
 605  578
 604  577
 603  577
 602  576
 601  575
 601  574
 601  573
 600  572
 599  571
 598  571
 597  570
 596  570
 595  571
 594  571
 593  572
 593  573
 593  574
 592  575
 591  576
 590  577
 590  578
 589  578
 588  579
 587  580
 586  580
 585  580
 584  581
 583  581
 582  581
 581  581
 580  581
 579  580
 578  580
 577  580
 576  580
 575  580
 574  580
 573  580
 572  580
 571  580
 570  580
 569  581
 568  582
 567  582
 566  582
 565  582
 564  583
 563  583
 562  583
 561  584
 560  585
 560  586
 559  587
 558  588
 557  589
 556  590
 556  591
 555  592
 555  593
 554  593
 553  593
 552  593
 551  593
 550  594
 551  595
 551  596
 551  597
 550  598
 549  599
 549  600
 549  601
 550  602
 550  603
 550  604
 550  605
 550  606
 550  607
 550  608
 550  609
 550  610
 550  611
 551  612
 551  613
 551  614
 551  615
 552  616
 552  617
 552  618
 553  619
 553  620
 553  621
 553  622
 553  623
 553  624
 553  625
 553  626
 553  627
 553  628
 553  629
 553  630
 553  631
 553  632
 553  633
 553  634
 553  635
 552  636
 551  637
 551  638
 552  639
 553  640
 552  641
 553  642
 553  643
 553  644
 553  645
 552  646
 552  647
 552  648
 551  649
 551  650
 550  651
 549  652
 548  653
 547  654
 546  655
 545  656
 545  657
 544  657
 543  658
 542  659
 542  660
 541  660
 540  661
 539  662
 538  662
 537  662
 536  662
 535  662
 534  662
 533  662
 532  663
 531  664
 530  665
 529  665
 528  665
 527  666
 526  666
 525  666
 524  667
 523  667
 522  668
 521  668
 520  669
 519  669
 518  669
 517  669
 516  670
 515  670
 514  671
 513  671
 512  672
 511  672
 510  673
 509  673
 508  673
 507  673
 506  673
 505  673
 504  672
 503  672
 502  672
 501  672
 500  671
 500  670
 500  669
 499  668
 499  667
 498  666
 498  665
 497  664
 496  664
 495  664
 494  664
 493  664
 492  664
 491  664
 490  664
 489  664
 488  664
 487  664
 486  664
 485  664
 484  664
 483  664
 482  664
 481  664
 480  664
 479  665
 478  665
 477  666
 476  666
 475  667
 474  667
 473  668
 472  668
 471  669
 470  669
 469  670
 468  670
 467  670
 466  670
 465  670
 464  670
 463  670
 462  670
 461  670
 460  670
 459  669
 459  668
 460  667
 461  666
 462  665
 463  664
 463  663
 464  662
 465  661
 465  660
 466  659
 467  658
 468  657
 469  656
 470  655
 470  654
 471  654
 472  653
 473  652
 474  652
 475  651
 476  651
 477  651
 478  651
 479  651
 480  651
 481  651
 482  651
 483  651
 484  652
 485  652
 486  653
 487  653
 488  653
 489  654
 490  655
 491  655
 492  655
 493  655
 494  655
 495  655
 496  655
 497  655
 498  655
 499  655
 500  654
 501  653
 502  652
 503  651
 504  650
 504  649
 504  648
 504  647
 504  646
 505  645
 506  644
 507  643
 508  642
 509  641
 509  640
 510  639
 510  638
 509  637
 509  636
 509  635
 508  634
 508  633
 508  632
 507  631
 506  630
 505  629
 504  628
 503  627
 502  627
 501  626
 500  626
 499  626
 498  625
 497  625
 496  624
 495  623
 494  622
 493  622
 492  622
 491  621
 490  620
 490  619
 490  618
 490  617
 489  616
 489  615
 488  614
 488  613
 487  612
 486  612
 485  612
 484  612
 483  612
 483  611
 482  610
 482  609
 482  608
 482  607
 482  606
 483  605
 484  604
 484  603
 484  602
 484  601
 483  600
 483  599
 482  598
 482  597
 482  596
 482  595
 481  594
 481  593
 480  592
 479  592
 478  592
 477  593
 476  594
 475  594
 474  595
 473  595
 472  595
 471  595
 470  596
 469  596
 468  596
 467  596
 466  596
 465  595
 464  594
 463  594
 462  594
 461  595
 460  595
 459  596
 458  597
 458  598
 457  599
 457  600
 457  601
 457  602
 457  603
 457  604
 457  605
 457  606
 457  607
 457  608
 457  609
 457  610
 457  611
 457  612
 457  613
 457  614
 457  615
 457  616
 457  617
 457  618
 456  619
 456  620
 456  621
 456  622
 456  623
 456  624
 456  625
 455  626
 455  627
 455  628
 455  629
 455  630
 456  631
 456  632
 456  633
 456  634
 455  635
 454  636
 453  637
 452  638
 451  639
 451  640
 450  641
 449  642
 448  643
 447  644
 447  645
 446  646
 446  647
 446  648
 446  649
 446  650
 445  651
 445  652
 445  653
 445  654
 445  655
 445  656
 444  657
 444  658
 444  659
 445  660
 446  661
 447  661
 448  662
 449  663
 450  664
 451  665
 452  666
 452  667
 453  668
 453  669
 454  670
 454  671
 454  672
 454  673
 455  674
 456  675
 456  676
 456  677
 456  678
 456  679
 456  680
 456  681
 456  682
 457  683
 458  683
 458  684
 459  685
 458  686
 458  687
 458  688
 458  689
 458  690
 457  689
 456  689
 455  690
 456  691
 456  692
 457  693
 458  694
 458  695
 458  696
 459  697
 459  698
 459  699
 460  700
 461  700
 462  701
 463  702
 464  703
 465  703
 466  703
 467  703
 468  703
 469  703
 470  703
 471  703
 472  703
 473  703
 474  704
 475  704
 476  705
 477  706
 477  707
 478  708
 478  709
 478  710
 479  711
 479  712
 480  713
 480  714
 480  715
 480  716
 480  717
 479  717
 478  717
 477  716
 477  715
 476  714
 476  713
 476  712
 475  711
 474  710
 473  710
 472  709
 471  708
 470  708
 469  708
 468  708
 467  708
 466  708
 465  708
 464  708
 463  708
 462  708
 461  708
 460  708
 459  708
 458  708
 457  708
 456  707
 455  706
 454  706
 453  706
 452  706
 451  706
 450  706
 449  707
 449  708
 449  709
 448  710
 447  711
 447  712
 446  713
 446  714
 447  715
 447  716
 446  717
 447  718
 447  719
 448  720
 448  721
 449  722
 449  723
 449  724
 449  725
 448  726
 447  725
 446  725
 445  724
 445  723
 444  722
 444  721
 443  720
 443  719
 442  718
 442  717
 441  716
 440  715
 439  715
 438  715
 437  716
 437  717
 436  718
 436  719
 436  720
 436  721
 436  722
 435  722
 434  722
 433  723
 432  722
 432  721
 431  720
 430  720
 429  721
 428  722
 427  723
 426  724
 425  725
 424  726
 423  726
 422  727
 421  727
 420  728
 419  729
 418  729
 417  729
 416  729
 417  728
 417  727
 418  726
 418  725
 419  724
 420  723
 420  722
 421  721
 422  720
 422  719
 422  718
 422  717
 422  716
 422  715
 422  714
 423  713
 423  712
 424  711
 424  710
 424  709
 423  708
 422  707
 421  706
 421  705
 420  704
 419  703
 419  702
 418  701
 418  700
 418  699
 417  698
 416  697
 416  696
 416  695
 415  694
 414  693
 413  692
 412  691
 411  690
 410  689
 409  688
 409  687
 409  686
 408  685
 407  685
 406  685
 405  685
 405  684
 405  683
 404  682
 403  682
 402  681
 401  681
 400  681
 399  681
 398  680
 397  679
 397  678
 397  677
 398  676
 399  675
 400  675
 401  674
 402  674
 403  674
 404  674
 405  675
 406  676
 407  677
 408  676
 409  676
 410  675
 411  674
 412  674
 413  673
 414  672
 415  671
 415  670
 415  669
 416  668
 417  667
 417  666
 417  665
 418  664
 419  663
 418  662
 419  661
 420  660
 421  659
 422  658
 423  657
 423  656
 424  655
 425  654
 426  653
 427  652
 428  652
 429  651
 430  650
 429  649
 429  648
 430  648
 431  648
 432  648
 433  647
 432  646
 431  645
 430  645
 429  644
 428  644
 428  643
 427  642
 426  641
 426  640
 425  639
 425  638
 424  637
 424  636
 424  635
 424  634
 423  633
 423  632
 423  631
 423  630
 422  629
 422  628
 422  627
 421  626
 420  625
 419  624
 418  624
 417  623
 416  622
 415  621
 415  620
 414  619
 413  618
 412  617
 411  616
 411  615
 410  614
 410  613
 410  612
 409  611
 409  610
 409  609
 409  608
 408  607
 408  606
 408  605
 408  604
 408  603
 407  602
 408  601
 408  600
 408  599
 408  598
 409  597
 409  596
 410  596
 411  595
 411  594
 411  593
 411  592
 411  591
 412  590
 413  590
 414  591
 415  591
 416  592
 416  593
 417  594
 418  595
 418  596
 418  597
 419  598
 419  599
 420  600
 421  601
 422  602
 423  602
 424  601
 424  600
 424  599
 424  598
 424  597
 424  596
 424  595
 424  594
 424  593
 423  592
 422  591
 421  590
 421  589
 420  588
 420  587
 420  586
 420  585
 421  584
 422  584
 423  583
 424  582
 424  581
 424  580
 424  579
 424  578
 424  577
 424  576
 424  575
 423  574
 423  573
 423  572
 423  571
 422  570
 421  569
 420  568
 419  567
 418  566
 418  565
 417  564
 417  563
 417  562
 417  561
 417  560
 417  559
 417  558
 417  557
 417  556
 417  555
 417  554
 417  553
 417  552
 417  551
 417  550
 417  549
 417  548
 418  548
 419  549
 419  550
 420  551
 421  552
 421  553
 422  554
 423  555
 423  556
 424  557
 424  558
 425  559
 426  560
 427  560
 428  561
 429  561
 430  561
 431  561
 432  562
 432  563
 432  564
 432  565
 433  566
 434  566
 435  566
 436  566
 437  567
 438  566
 439  565
 440  565
 441  566
 441  567
 442  568
 442  569
 442  570
 443  571
 444  572
 445  573
 446  574
 447  575
 448  575
 449  575
 450  575
 451  575
 452  575
 453  574
 454  573
 455  572
 455  571
 455  570
 455  569
 456  568
 457  567
 457  566
 456  565
 455  565
 455  564
 455  563
 455  562
 456  561
 456  560
 457  559
 458  558
 458  557
 458  556
 458  555
 457  554
 456  554
 455  554
 455  553
 455  552
 454  551
 454  550
 453  549
 453  548
 453  547
 453  546
 453  545
 452  544
 451  543
 450  543
 449  543
 449  542
 449  541
 449  540
 448  539
 447  539
 447  538
 447  537
 447  536
 446  535
 445  534
 445  533
 444  532
 444  531
 444  530
 443  529
 443  528
 442  527
 441  528
 440  529
 439  529
 438  529
 437  528
 436  528
 435  527
 435  526
 434  525
 434  524
 433  523
 432  522
 431  522
 430  521
 429  520
 428  519
 428  518
 427  517
 426  516
 425  516
 424  515
 423  515
 422  515
 421  515
 420  515
 419  515
 418  515
 417  515
 416  516
 415  516
 414  516
 413  516
 412  516
 411  515
 410  515
 409  514
 409  513
 408  512
 407  511
 406  511
 405  510
 405  509
 404  508
 403  508
 402  507
 401  507
 401  506
 402  505
 402  504
 401  503
 400  502
 399  501
 398  501
 397  500
 396  500
 395  500
 394  499
 393  498
 392  498
 391  497
 390  496
 389  496
 388  495
 387  495
 386  494
 385  494
 384  494
 383  493
 383  492
 382  491
 381  490
 381  489
 381  488
 381  487
 381  486
 381  485
