   x    y
 604  653
 605  653
 606  653
 607  653
 608  653
 609  653
 609  654
 610  655
 611  655
 612  656
 613  656
 614  657
 615  658
 616  658
 617  658
 618  658
 619  658
 620  658
 621  658
 622  658
 623  658
 624  658
 625  658
 626  657
 627  657
 628  656
 628  655
 629  654
 630  653
 631  652
 632  651
 633  651
 634  650
 635  650
 636  650
 637  651
 637  652
 637  653
 637  654
 637  655
 637  656
 637  657
 636  658
 636  659
 636  660
 636  661
 635  662
 635  663
 634  664
 634  665
 634  666
 633  667
 633  668
 633  669
 633  670
 633  671
 633  672
 634  673
 635  674
 636  674
 637  675
 637  676
 637  677
 637  678
 638  679
 638  680
 638  681
 638  682
 639  683
 639  684
 639  685
 640  686
 641  687
 642  688
 642  689
 643  690
 643  691
 644  692
 645  693
 646  694
 646  695
 647  696
 647  697
 648  698
 648  699
 649  700
 649  701
 649  702
 649  703
 650  704
 650  705
 650  706
 650  707
 650  708
 651  709
 651  710
 652  711
 652  712
 653  713
 653  714
 654  715
 654  716
 655  717
 655  718
 655  719
 655  720
 655  721
 655  722
 656  723
 656  724
 655  725
 654  725
 653  724
 653  723
 652  722
 651  721
 650  720
 650  719
 649  718
 649  717
 648  716
 648  715
 648  714
 648  713
 648  712
 648  711
 647  710
 646  709
 646  708
 646  707
 645  706
 644  705
 644  704
 644  703
 643  702
 642  701
 642  700
 642  699
 641  698
 640  697
 639  696
 639  695
 639  694
 638  693
 638  692
 638  691
 637  690
 637  689
 636  688
 636  687
 635  686
 634  685
 634  684
 633  683
 633  682
 632  681
 632  680
 631  679
 631  678
 630  677
 630  676
 629  675
 628  674
 627  673
 626  672
 625  671
 624  671
 623  670
 622  670
 621  670
 620  670
 619  670
 618  669
 617  669
 616  668
 615  667
 614  666
 613  666
 612  666
 611  665
 610  665
 609  664
 609  663
 608  662
 608  661
 607  660
 607  659
 606  658
 605  657
 605  656
 604  655
 604  654
 604  653
 552  538
 553  538
 554  539
 555  540
 555  541
 555  542
 555  543
 555  544
 555  545
 555  546
 554  547
 553  547
 552  547
 551  547
 550  548
 551  549
 550  550
 550  551
 550  552
 551  553
 552  554
 553  555
 554  555
 555  555
 556  555
 556  556
 557  557
 557  558
 557  559
 557  560
 556  561
 556  562
 555  562
 554  562
 553  561
 552  561
 551  561
 550  560
 549  559
 548  559
 548  558
 547  557
 546  556
 546  555
 545  554
 544  553
 543  553
 543  552
 543  551
 542  550
 541  550
 540  549
 539  549
 538  549
 537  548
 537  547
 536  546
 536  545
 535  544
 534  544
 533  544
 532  545
 531  545
 530  545
 529  546
 528  546
 527  547
 526  547
 525  547
 524  548
 523  548
 522  549
 521  550
 520  550
 519  550
 519  549
 519  548
 519  547
 519  546
 520  545
 521  544
 522  543
 523  543
 524  543
 525  543
 526  543
 527  542
 528  541
 528  540
 529  539
 528  538
 528  537
 527  536
 526  535
 526  534
 525  533
 525  532
 524  531
 523  530
 522  530
 521  529
 521  528
 520  527
 519  526
 518  526
 517  526
 516  526
 515  526
 514  526
 513  526
 512  526
 511  526
 510  526
 509  526
 508  525
 507  525
 506  525
 505  525
 504  525
 503  525
 502  525
 501  525
 500  525
 499  525
 498  526
 497  526
 496  526
 495  526
 494  526
 493  525
 492  525
 491  524
 490  524
 489  524
 488  523
 487  523
 486  523
 485  523
 484  523
 483  523
 482  523
 481  524
 480  525
 479  526
 478  527
 478  528
 478  529
 479  530
 480  531
 481  532
 482  533
 482  534
 483  535
 484  535
 484  536
 485  537
 485  538
 485  539
 485  540
 484  540
 483  540
 482  540
 481  540
 480  539
 479  538
 478  537
 477  537
 476  536
 475  535
 474  534
 473  533
 472  533
 471  532
 470  531
 469  532
 468  533
 468  534
 469  535
 469  536
 469  537
 469  538
 469  539
 468  540
 467  540
 466  540
 465  539
 464  539
 463  538
 462  537
 461  536
 460  536
 459  537
 458  537
 457  538
 456  539
 455  540
 455  541
 454  542
 454  543
 454  544
 454  545
 453  546
 452  547
 451  547
 450  547
 449  546
 449  545
 449  544
 449  543
 448  542
 447  541
 446  540
 445  539
 444  539
 443  538
 442  538
 441  538
 440  538
 439  539
 438  539
 437  539
 436  540
 435  541
 434  542
 433  542
 432  543
 431  543
 430  544
 429  545
 428  545
 427  546
 426  547
 425  548
 424  548
 423  548
 422  549
 421  550
 420  551
 420  552
 419  553
 419  554
 419  555
 419  556
 418  557
 417  557
 416  557
 415  557
 414  556
 413  556
 413  555
 412  554
 412  553
 412  552
 412  551
 412  550
 412  549
 412  548
 445  575
 444  575
 443  575
 442  575
 441  576
 440  576
 439  576
 438  576
 437  577
 437  578
 436  579
 436  580
 436  581
 435  582
 435  583
 435  584
 435  585
 435  586
 435  587
 435  588
 434  589
 433  589
 432  588
 432  587
 432  586
 432  585
 431  584
 431  583
 430  582
 430  581
 430  580
 429  579
 429  578
 429  577
 428  576
 428  575
 428  574
 427  573
 427  572
 427  571
 426  570
 425  569
 424  570
 423  570
 423  569
 424  568
 424  567
 425  567
 426  566
 426  565
 426  564
 426  563
 426  562
 425  561
 424  561
 423  562
 422  562
 421  562
 420  562
 419  562
 418  562
 417  561
 416  561
 415  561
 414  560
 413  560
 412  560
 411  560
 410  559
 409  559
 408  558
 407  557
 407  556
 406  555
 405  555
 406  554
 407  553
 408  553
 409  552
 410  552
 411  551
 412  551
 413  550
 414  550
 415  549
 416  548
 417  547
 418  546
 419  546
 420  545
 421  545
 422  545
 423  544
 424  544
 425  543
 425  542
 424  541
 423  540
 422  540
 421  539
 420  538
 419  538
 418  538
 417  539
 417  540
 416  541
 415  542
 414  543
 413  543
 412  542
 411  542
 410  542
 409  543
 408  544
 407  544
 407  543
 408  542
 409  541
 410  540
 410  539
 409  538
 408  537
 407  537
 407  536
 406  535
 405  534
 404  535
 403  536
 402  537
 401  536
 400  535
 399  535
 398  534
 397  534
 397  533
 437  625
 436  626
 435  626
 434  627
 433  628
 432  628
 431  629
 430  630
 429  631
 428  631
 427  632
 427  633
 426  634
 425  635
 424  635
 423  636
 422  637
 421  637
 420  637
 419  637
 419  636
 645  604
 644  604
 643  605
 643  606
 643  607
 643  608
 644  609
 644  610
 645  611
 645  612
 646  613
 646  614
 647  615
 647  616
 647  617
 647  618
 648  619
 648  620
 649  621
 649  622
 649  623
 649  624
 650  625
 650  626
 650  627
 651  628
 651  629
 652  630
 652  631
 653  632
 654  633
 655  633
 655  634
 656  635
 657  636
 658  636
 659  636
 660  635
 661  634
 662  633
 661  632
 660  631
 659  631
 659  630
 659  629
 658  628
 659  627
 659  626
 660  625
 661  625
 662  625
 663  625
 664  625
 665  626
 666  627
 667  628
 668  629
 669  630
 670  631
 671  632
 671  633
 671  634
 671  635
 671  636
 671  637
 671  638
 671  639
 671  640
 671  641
 671  642
 671  643
 671  644
 671  645
 671  646
 672  647
 672  648
 672  649
 672  650
 672  651
 673  652
 673  653
 674  654
 675  655
 675  656
 676  657
 676  658
 677  659
 677  660
 678  661
 679  662
 679  663
 680  664
 681  665
 681  666
 682  667
 683  668
 683  669
 684  670
 685  671
 686  672
 686  673
 687  674
 687  675
 688  676
 688  677
 689  678
 689  679
 689  680
 689  681
 689  682
 689  683
 690  684
 690  685
 691  686
 691  687
 692  688
 692  689
 692  690
 693  691
 693  692
 693  693
 693  694
 693  695
 694  696
 694  697
 695  698
 695  699
 696  700
 696  701
 697  702
 698  703
 698  704
 698  705
 698  706
 697  706
 696  706
 695  707
 695  708
 695  709
 694  710
 694  711
 695  712
 695  713
 694  714
 695  715
 695  716
 695  717
 695  718
 695  719
 695  720
 695  721
 694  721
 693  721
 692  722
 692  723
 692  724
 692  725
 693  726
 693  727
 693  728
 694  729
 695  730
 696  730
 696  731
 696  732
 696  733
 696  734
 696  735
 696  736
 696  737
 696  738
 695  739
 695  740
 695  741
 695  742
 695  743
 696  744
 696  745
 695  746
 694  746
 693  747
 692  747
 691  747
 690  747
 689  747
 688  747
 687  747
 686  747
 685  747
 684  747
 683  747
 682  747
 681  747
 680  747
 679  747
 678  746
 677  746
 676  746
 676  745
 676  744
 676  743
 675  742
 674  741
 673  741
 672  740
 671  739
 670  738
 669  737
 668  736
 667  735
 666  734
 665  733
 665  732
 665  731
 665  730
 664  729
 664  728
 664  727
 664  726
 664  725
 664  724
 664  723
 664  722
 663  721
 663  720
 662  719
 661  718
 660  717
 659  716
 658  715
 657  714
 656  713
 656  712
 655  711
 654  710
 654  709
 654  708
 653  707
 653  706
 653  705
 653  704
 653  703
 653  702
 653  701
 653  700
 654  699
 654  698
 654  697
 654  696
 655  696
 656  696
 657  695
 658  694
 659  694
 660  693
 661  693
 662  692
 663  692
 664  691
 665  690
 666  689
 667  689
 668  689
 669  689
 670  689
 671  689
 672  690
 673  690
 674  691
 675  691
 676  692
 677  692
 678  693
 679  693
 680  694
 681  694
 682  694
 683  695
 684  695
 685  696
 686  695
 686  694
 686  693
 685  692
 685  691
 684  690
 683  689
 682  688
 681  687
 680  686
 679  686
 678  685
 677  684
 676  683
 675  682
 674  682
 673  681
 672  681
 671  680
 670  679
 670  678
 669  677
 669  676
 668  675
 667  674
 666  673
 665  672
 664  671
 664  670
 663  669
 663  668
 662  667
 662  666
 661  665
 661  664
 661  663
 660  662
 660  661
 660  660
 659  659
 658  658
 657  657
 657  656
 656  655
 656  654
 655  653
 655  652
 654  651
 654  650
 653  649
 652  648
 652  647
 651  646
 650  646
 649  646
 648  647
 648  648
 648  649
 648  650
 648  651
 648  652
 648  653
 648  654
 648  655
 648  656
 649  657
 650  657
 650  658
 650  659
 651  660
 650  661
 650  662
 649  663
 648  664
 647  665
 647  666
 646  667
 646  668
 646  669
 645  670
 645  671
 644  672
 644  673
 645  674
 645  675
 645  676
 644  677
 644  678
 644  679
 644  680
 645  681
 646  682
 646  683
 647  684
 648  685
 649  686
 650  687
 650  688
 650  689
 650  690
 650  691
 650  692
 650  693
 649  693
 648  693
 647  693
 646  693
 645  693
 644  692
 643  692
 643  691
 642  690
 641  689
 640  689
 639  689
 638  689
 637  690
 636  690
 635  691
 634  692
 633  692
 632  692
 631  692
 631  691
 631  690
 631  689
 631  688
 630  687
 629  686
 628  685
 627  685
 626  684
 625  684
 625  683
 624  682
 623  682
 622  683
 621  682
 620  681
 620  680
 620  679
 620  678
 620  677
 620  676
 620  675
 620  674
 620  673
 620  672
 620  671
 620  670
 619  669
 619  668
 618  667
 618  666
 617  665
 616  664
 615  664
 614  664
 613  663
 612  663
 611  663
 610  664
 609  665
 608  666
 607  667
 606  667
 605  668
 604  668
 603  668
 602  668
 601  667
 600  667
 600  666
 600  665
 599  664
 599  663
 600  662
 600  661
 601  660
 601  659
 601  658
 601  657
 602  656
 602  655
 602  654
 602  653
 602  652
 602  651
 602  650
 602  649
 602  648
 602  647
 602  646
 602  645
 602  644
 602  643
 602  642
 602  641
 602  640
 602  639
 601  638
 600  637
 599  637
 598  637
 597  637
 596  637
 595  637
 594  637
 593  637
 592  637
 591  637
 590  637
 589  637
 588  637
 588  636
 587  635
 587  634
 587  633
 587  632
 588  632
 589  631
 589  630
 589  629
 588  628
 587  627
 586  627
 585  627
 584  627
 583  627
 582  627
 581  627
 580  628
 579  628
 578  628
 577  628
 576  628
 575  627
 575  626
 575  625
 575  624
 575  623
 575  622
 575  621
 574  620
 574  619
 574  618
 574  617
 574  616
 575  615
 575  614
 575  613
 576  613
 577  612
 578  611
 579  611
 580  611
 581  610
 582  610
 583  610
 584  609
 584  608
 585  607
 585  606
 585  605
 584  604
 584  603
 583  602
 582  601
 581  600
 580  599
 580  598
 579  597
 579  596
 578  595
 578  594
 577  593
 576  592
 575  591
 574  590
 573  589
 572  589
 571  588
 570  588
 569  588
 568  588
 567  588
 566  588
 565  588
 564  588
 563  588
 562  589
 561  590
 560  591
 560  592
 559  593
 559  594
 558  595
 558  596
 557  596
 556  596
 555  596
 554  596
 553  596
 552  596
 551  596
 550  596
 549  596
 548  597
 547  598
 546  598
 545  598
 544  599
 543  599
 542  599
 541  598
 540  598
 539  598
 538  598
 537  598
 536  598
 535  598
 534  597
 533  597
 532  597
 531  597
 530  596
 529  597
 528  597
 527  598
 526  598
 525  599
 524  599
 523  600
 522  601
 521  601
 520  602
 519  603
 518  604
 517  604
 516  605
 516  606
 516  607
 516  608
 516  609
 515  610
 515  611
 515  612
 515  613
 515  614
 515  615
 515  616
 516  617
 517  618
 518  619
 518  620
 519  621
 520  622
 521  623
 522  624
 523  625
 524  626
 524  627
 525  628
 524  629
 523  629
 522  629
 521  628
 520  628
 519  628
 518  629
 518  630
 518  631
 518  632
 518  633
 518  634
 518  635
 518  636
 518  637
 519  638
 519  639
 520  640
 520  641
 520  642
 519  643
 518  643
 517  644
 516  645
 515  645
 514  644
 514  643
 513  642
 513  641
 513  640
 513  639
 513  638
 512  637
 512  636
 512  635
 511  634
 511  633
 511  632
 511  631
 511  630
 510  629
 510  628
 510  627
 510  626
 510  625
 510  624
 510  623
 510  622
 510  621
 510  620
 510  619
 510  618
 510  617
 510  616
 510  615
 510  614
 509  613
 509  612
 509  611
 508  610
 508  609
 507  608
 508  607
 509  606
 509  605
 509  604
 509  603
 508  602
 508  601
 507  600
 506  600
 505  600
 504  600
 503  600
 502  600
 501  601
 500  602
 499  603
 498  604
 497  605
 496  606
 495  606
 494  607
 493  607
 492  608
 491  608
 490  609
 489  610
 489  611
 489  612
 488  613
 487  614
 487  615
 487  616
 486  617
 485  616
 484  615
 483  614
 483  613
 483  612
 482  611
 481  610
 481  609
 480  608
 479  607
 478  607
 477  607
 476  607
 475  607
 474  607
 473  607
 472  607
 471  607
 470  607
 469  606
 468  605
 468  604
