   x    y
 417  561
 418  561
 419  561
 420  561
 421  561
 422  561
 423  561
 424  561
 425  561
 426  561
 427  561
 428  561
 429  561
 430  561
 431  561
 432  560
 433  559
 433  558
 434  557
 435  556
 435  555
 435  554
 435  553
 435  552
 435  551
 435  550
 436  549
 436  548
 436  547
 436  546
 436  545
 436  544
 436  543
 436  542
 436  541
 436  540
 436  539
 437  538
 437  537
 438  536
 438  535
 439  534
 440  533
 441  532
 442  531
 443  530
 444  530
 445  529
 446  529
 447  528
 448  528
 449  528
 450  528
 451  528
 452  528
 453  528
 454  528
 455  528
 456  528
 457  528
 458  529
 459  529
 460  529
 461  529
 462  528
 463  527
 464  527
 465  527
 466  527
 467  527
 468  527
 469  527
 470  528
 471  529
 471  530
 471  531
 470  532
 469  532
 468  533
 467  534
 467  535
 468  536
 468  537
 468  538
 469  539
 470  540
 471  541
 472  541
 473  541
 474  541
 475  541
 476  541
 477  541
 478  540
 479  540
 480  540
 481  539
 482  539
 483  539
 484  539
 485  539
 486  540
 487  540
 487  541
 488  542
 488  543
 489  544
 490  545
 491  546
 491  547
 492  548
 493  548
 494  549
 495  550
 496  550
 497  551
 498  551
 499  552
 500  552
 501  553
 502  554
 503  555
 504  556
 504  557
 505  558
 504  559
 504  560
 504  561
 504  562
 504  563
 504  564
 503  563
 502  564
 501  563
 500  563
 499  563
 498  562
 497  561
 496  561
 495  560
 494  559
 493  559
 492  558
 491  557
 490  557
 489  557
 488  557
 487  558
 486  559
 486  560
 486  561
 486  562
 485  563
 484  564
 484  565
 484  566
 484  567
 483  568
 482  569
 481  570
 481  571
 480  572
 479  573
 479  574
 478  575
 478  576
 478  577
 478  578
 478  579
 478  580
 478  581
 479  582
 479  583
 480  584
 481  584
 482  584
 483  585
 484  586
 485  587
 485  588
 485  589
 485  590
 485  591
 484  591
 483  591
 482  591
 481  592
 480  592
 479  592
 478  593
 477  593
 476  593
 475  594
 474  595
 473  596
 473  597
 473  598
 472  599
 472  600
 472  601
 472  602
 472  603
 472  604
 472  605
 473  606
 473  607
 473  608
 473  609
 473  610
 473  611
 473  612
 473  613
 472  614
 471  615
 470  616
 470  617
 470  618
 470  619
 469  620
 469  621
 469  622
 470  623
 470  624
 470  625
 470  626
 470  627
 470  628
 470  629
 470  630
 469  631
 468  631
 467  631
 466  631
 465  631
 464  632
 464  633
 463  634
 462  635
 462  636
 461  637
 460  638
 459  638
 459  637
 459  636
 459  635
 459  634
 459  633
 460  632
 460  631
 461  631
 462  630
 463  629
 462  628
 462  627
 462  626
 461  625
 460  624
 459  623
 458  622
 457  621
 456  621
 455  621
 454  620
 453  620
 452  619
 451  619
 450  618
 449  618
 448  617
 447  616
 447  615
 446  614
 446  613
 446  612
 446  611
 447  610
 448  610
 449  609
 449  608
 449  607
 450  607
 451  608
 452  608
 453  608
 454  609
 455  609
 456  609
 457  608
 458  607
 459  606
 459  605
 459  604
 460  603
 460  602
 460  601
 460  600
 460  599
 460  598
 459  597
 459  596
 459  595
 459  594
 458  593
 458  592
 457  591
 457  590
 456  589
 455  588
 454  588
 453  587
 453  586
 452  585
 451  584
 451  583
 450  582
 449  581
 448  580
 447  579
 446  578
 445  577
 445  576
 444  575
 443  574
 442  573
 441  572
 440  571
 439  570
 438  569
 437  568
 437  567
 436  566
 435  565
 434  564
 433  564
 432  564
 431  564
 430  564
 429  564
 428  564
 427  563
 426  563
 425  563
 424  563
 423  562
 422  562
 421  562
 420  562
 419  562
 418  562
 417  561
 778  218
 778  219
 778  220
 777  221
 777  222
 776  223
 776  224
 775  225
 775  226
 775  227
 775  228
 774  229
 774  230
 774  231
 774  232
 774  233
 774  234
 773  235
 773  236
 772  237
 772  238
 771  239
 771  240
 770  240
 769  241
 768  242
 767  243
 766  244
 766  245
 765  246
 764  246
 763  247
 762  248
 761  248
 760  249
 760  250
 759  251
 758  252
 758  253
 758  254
 758  255
 758  256
 758  257
 758  258
 759  259
 760  258
 761  257
 762  257
 763  256
 764  256
 765  257
 765  258
 765  259
 766  260
 766  261
 766  262
 767  263
 767  264
 767  265
 767  266
 768  267
 768  268
 768  269
 769  270
 769  271
 770  272
 770  273
 770  274
 770  275
 771  276
 771  277
 771  278
 771  279
 771  280
 771  281
 771  282
 771  283
 771  284
 771  285
 772  286
 773  287
 774  288
 775  289
 776  289
 777  290
 778  290
 779  290
 780  290
 781  290
 782  290
 783  291
 782  291
 781  291
 780  292
 780  293
 781  294
 782  294
 783  295
 784  295
 783  295
 782  296
 781  296
 780  297
 779  297
 778  297
 777  297
 776  298
 776  299
 775  299
 774  300
 773  301
 772  301
 771  301
 770  301
 769  301
 768  301
 767  300
 766  299
 765  299
 764  299
 764  298
 763  297
 763  296
 762  295
 762  294
 761  293
 760  293
 759  292
 758  291
 757  290
 756  290
 755  289
 754  289
 753  289
 752  289
 751  288
 750  288
 750  287
 749  286
 749  285
 749  284
 749  283
 749  282
 748  281
 748  280
 747  279
 746  278
 745  277
 744  277
 743  277
 742  277
 741  277
 740  277
 739  277
 738  276
 737  276
 736  277
 735  277
 734  277
 733  277
 733  276
 734  275
 734  274
 735  273
 736  272
 737  271
 738  270
 738  269
 739  268
 739  267
 738  266
 738  265
 737  264
 737  263
 736  262
 735  261
 734  260
 733  259
 732  259
 731  259
 730  258
 729  258
 728  257
 727  257
 726  256
 725  256
 618  475
 617  476
 616  477
 615  477
 614  478
 613  479
 612  480
 611  481
 611  482
 610  483
 610  484
 610  485
 609  486
 609  487
 609  488
 608  489
 608  490
 608  491
 608  492
 607  493
 606  493
 605  492
 604  491
 604  490
 604  489
 604  488
 604  487
 605  486
 605  485
 605  484
 605  483
 605  482
 605  481
 605  480
 606  479
 606  478
 606  477
 607  476
 607  475
 607  474
 607  473
 608  472
 608  471
 608  470
 608  469
 607  468
 606  469
 606  470
 605  471
 605  472
 604  473
 603  474
 602  475
 601  475
 600  475
 599  475
 598  475
 597  474
 596  473
 596  472
 596  471
 596  470
 596  469
 597  468
 597  467
 598  466
 599  465
 600  464
 601  464
 602  464
 603  463
 604  462
 605  461
 605  460
 605  459
 605  458
 606  457
 606  456
 607  455
 607  454
 608  453
 608  452
 609  451
 609  450
 609  449
 609  448
 608  447
 607  446
 606  446
 605  447
 605  448
 604  449
 604  450
 604  451
 604  452
 603  453
 602  454
 601  455
 600  456
 599  457
 598  458
 597  458
 596  459
 596  460
 595  460
 594  461
 593  462
 592  463
 591  463
 590  464
 589  464
 588  464
 587  465
 586  465
 585  465
 584  465
 583  465
 582  465
 582  464
 583  463
 582  462
 582  461
 582  460
 582  459
 583  458
 583  457
 584  456
 585  456
 586  455
 586  454
 587  453
 588  452
 589  452
 590  451
 591  451
 592  451
 593  450
 594  449
 594  448
 595  447
 595  446
 595  445
 596  444
 596  443
 596  442
 596  441
 597  440
 597  439
 597  438
 597  437
 598  436
 598  435
 598  434
 599  433
 600  432
 600  431
 601  430
 602  429
 603  428
 603  427
 604  426
 605  426
 606  426
 607  426
 608  426
 609  427
 610  428
 611  428
 612  427
 611  426
 611  425
 610  424
 609  423
 608  423
 607  422
 606  422
 605  422
 604  422
 603  422
 602  423
 601  423
 600  423
 599  423
 598  423
 597  423
 596  423
 595  424
 594  425
 593  426
 593  427
 593  428
 593  429
 593  430
 593  431
 594  432
 594  433
 594  434
 594  435
 594  436
 593  437
 593  438
 593  439
 592  440
 591  441
 591  442
 590  443
 589  443
 588  443
 587  443
 586  442
 585  441
 584  440
 583  440
 583  439
 583  438
 583  437
 583  436
 584  436
 585  435
 585  434
 585  433
 585  432
 585  431
 585  430
 585  429
 585  428
 584  427
 583  427
 582  427
 581  427
 580  427
 579  427
 578  427
 577  428
 576  428
 575  428
 574  428
 573  428
 572  428
 571  428
 570  428
 569  428
 568  428
 567  428
 566  428
 565  428
 564  428
 563  428
 562  428
 561  429
 560  429
 559  429
 558  430
 557  430
 556  431
 555  431
 554  432
 553  432
 552  433
 551  434
 550  434
 549  435
 548  436
 547  437
 546  438
 546  439
 545  440
 545  441
 544  442
 543  443
 543  444
 542  445
 541  445
 541  444
 541  443
 541  442
 541  441
 541  440
 520  879
 520  878
 520  877
 520  876
 519  875
 518  874
 518  873
 517  872
 517  871
 516  870
 515  871
 515  872
 515  873
 515  874
 515  873
 514  872
 514  871
 514  870
 513  869
 513  868
 512  867
 512  866
 511  865
 510  864
 510  863
 509  862
 508  861
 508  860
 507  859
 507  858
 507  857
 507  856
 507  855
 507  854
 507  853
 507  852
 507  851
 507  850
 506  849
 506  848
 505  847
 505  846
 505  845
 505  844
 504  843
 504  842
 504  841
 503  840
 503  839
 503  838
 502  837
 502  836
 501  835
 501  834
 500  833
 499  832
 498  831
 498  830
 498  829
 498  828
 497  827
 497  826
 496  825
 495  824
 495  823
 494  822
 494  821
 493  820
 493  819
 492  818
 492  817
 491  816
 490  815
 490  814
 489  813
 489  812
 488  811
 487  810
 487  809
 487  808
 486  807
 486  806
 486  805
 485  804
 485  803
 485  802
 485  801
 484  800
 484  799
 484  798
 483  797
 483  796
 483  795
 483  794
 483  793
 483  792
 483  791
 482  790
 482  789
 482  788
 482  787
 481  786
 481  785
 481  784
 481  783
 481  782
 481  781
 480  780
 480  779
 480  778
 480  777
 480  776
 480  775
 480  774
 480  773
 480  772
 480  771
 480  770
 479  769
 479  768
 479  767
 478  766
 478  765
 478  764
 477  763
 477  762
 477  761
 477  760
 476  759
 475  758
 474  757
 473  756
 472  755
 471  754
 470  753
 469  752
 468  751
 468  750
 467  749
 466  748
 466  747
 465  746
 465  745
 464  744
 464  743
 464  742
 463  741
 463  740
 462  739
 462  738
 461  737
 461  736
 460  735
 460  734
 459  733
 459  732
 458  731
 458  730
 457  729
 457  728
 456  727
 455  726
 455  725
 454  724
 454  723
 453  722
 453  721
 452  720
 452  719
 452  718
 451  717
 451  716
 451  715
 450  714
 450  713
 450  712
 449  711
 449  710
 449  709
 448  708
 448  707
 448  706
 447  705
 447  704
 446  703
 446  702
 445  701
 445  700
 445  699
 444  698
 444  697
 443  696
 443  695
 442  694
 442  693
 441  692
 441  691
 441  690
 441  689
 441  688
 440  687
 440  686
 440  685
 439  684
 438  683
 438  682
 437  681
 437  680
 436  679
 436  678
 435  677
 435  676
 435  675
 435  674
 434  673
 434  672
 434  671
 434  670
 434  669
 433  668
 433  667
 433  666
 433  665
 432  664
 432  663
 432  662
 432  661
 432  660
 431  659
 431  658
 513  225
 512  224
 511  225
 510  225
 509  224
 508  224
 507  223
 506  223
 505  223
 504  223
 503  224
 502  224
 501  225
 501  226
 500  227
 499  228
 498  229
 497  230
 496  230
 495  230
 494  230
 493  230
 492  230
 491  229
 490  229
 489  230
 488  230
 487  229
 487  228
 487  227
 487  226
 487  225
 487  224
 488  223
 489  222
 489  221
 489  220
 489  219
 489  218
 489  217
 488  216
 487  215
 487  214
 487  213
 486  212
 486  211
 486  210
 485  209
 485  208
 485  207
 484  206
 484  205
 484  204
 484  203
 483  202
 482  202
 482  201
 482  200
 482  199
 988  475
 988  474
 989  473
 990  472
 991  472
 992  471
 993  470
 994  469
 994  468
 995  467
 996  466
 996  465
 996  464
 996  463
 997  462
 997  461
 997  460
 996  459
 996  458
 995  457
 994  457
 993  457
 992  457
 991  457
 990  458
 989  459
 988  459
 987  460
 987  461
 986  462
 985  463
 984  464
 983  465
 982  466
 981  467
 980  467
 979  467
 978  468
 977  468
 976  468
 975  469
 974  470
 974  471
 973  472
 972  472
 971  472
 970  472
 969  472
 968  471
 967  471
 966  470
 965  470
 964  470
 963  470
 962  470
 961  470
 960  469
 959  469
 958  468
 957  468
 956  468
 955  468
 954  468
 953  468
 952  468
 951  468
 950  467
 949  467
 948  467
 947  467
 946  466
 945  466
 944  466
 943  465
 942  465
 941  464
 940  464
 939  463
 938  463
 938  462
 937  461
 936  461
 935  460
 934  459
 933  458
 933  457
 932  456
 931  455
 931  454
 930  453
 930  452
 929  451
 929  450
 928  449
 928  448
 928  447
 928  446
 927  445
 926  445
 925  444
 924  443
 923  443
 922  442
 921  441
 920  441
 919  440
 918  439
 917  439
 916  439
 915  439
 914  438
 913  437
 912  436
 911  436
 910  436
 909  436
 908  435
 907  435
 906  435
 905  435
 904  435
 903  435
 902  436
 901  436
 900  436
 899  436
 898  437
 897  437
 896  438
 895  439
 894  439
 893  439
 892  439
 891  439
 890  439
 889  439
 888  439
 887  439
 886  439
 885  439
 884  439
 883  439
 882  439
 881  439
 880  439
 879  439
 878  440
 877  441
 876  442
 876  443
 875  444
 874  445
 873  446
 873  447
 872  448
 871  448
 870  449
 869  450
 868  451
 867  452
 866  453
 865  454
 864  454
 863  454
 862  454
 861  454
 860  454
 859  454
 858  453
 857  453
 856  452
 855  452
 854  452
 853  451
 852  450
 851  450
 850  449
 849  448
 849  447
 848  446
 847  446
 846  445
 845  446
 844  446
 843  446
 842  446
 841  446
 840  446
 839  446
 838  446
 837  446
 836  445
 835  445
 834  445
 833  445
 832  445
 831  445
 830  445
 829  445
 828  446
 827  446
 826  445
 825  445
 824  444
 823  444
 822  444
 821  444
 820  444
 819  443
 818  443
 817  443
 816  443
 815  443
 814  443
 813  443
 812  443
 811  443
 810  443
 809  443
 808  443
 807  443
 806  443
 805  443
 804  443
 803  443
 802  444
 801  444
 800  444
 799  445
 798  445
 797  445
 796  445
 795  445
 794  445
 793  445
 792  445
 791  445
 790  445
 789  445
 788  445
 787  445
 787  444
 787  443
 787  442
 787  441
 787  440
 786  439
 785  438
 785  437
 785  436
 785  435
 785  434
 785  433
 785  432
 785  431
 785  430
 784  429
 783  428
 782  427
 781  427
 780  426
 780  425
 781  424
 780  423
 779  422
 778  422
 777  422
 776  422
 775  422
 774  421
 773  421
 772  421
 771  421
 770  421
 769  420
 768  420
 767  420
 766  420
 766  419
 765  418
 764  417
 763  416
 763  415
 762  414
 761  413
 760  412
 759  411
 758  411
 758  410
 758  409
 758  408
 757  407
 757  406
 756  405
 755  405
 754  404
 753  404
 752  404
 751  404
 750  404
 749  404
 748  404
 747  404
 746  404
 745  404
 744  404
 743  404
 742  404
 741  404
 740  404
 739  404
 738  404
 737  404
 736  404
 735  404
 734  405
 733  406
 732  407
 731  407
 730  408
 729  409
 728  410
 727  411
 727  412
 726  413
 725  414
 724  415
 723  416
 722  416
 721  417
 720  417
 719  418
 718  418
 717  419
 716  419
 715  420
 714  420
 713  420
 712  420
 711  421
 710  422
 709  423
 708  424
 707  424
 706  424
 705  425
 704  425
 703  426
 702  427
 701  428
 700  429
 699  429
 698  430
 697  431
 696  431
 695  432
 694  433
 693  434
 692  434
 691  435
 690  436
 689  436
 688  437
 687  437
 686  437
 685  438
 684  438
 683  438
 682  439
 681  439
 680  440
 679  440
 678  441
 677  441
 676  442
 675  442
 674  442
 673  442
 672  443
 671  444
 670  445
 669  445
 668  445
 667  446
 666  446
 665  447
 664  447
 663  448
 663  449
 663  450
 663  451
 663  452
 663  453
 664  454
 665  454
 666  454
 667  454
 668  454
 669  454
 670  454
 671  454
 672  454
 673  455
 673  456
 674  457
 674  458
 674  459
 674  460
 674  461
 674  462
 675  463
 675  464
 676  465
 677  465
 678  465
 679  466
 680  466
 681  466
 682  465
 683  465
 684  465
 685  465
 686  465
 687  464
 687  463
 687  462
 687  461
 688  460
 689  459
 690  459
 691  458
 692  458
 693  457
 694  456
 695  456
 696  456
 697  456
 698  457
 699  457
 700  457
 700  458
 701  459
 701  460
 701  461
 702  462
 703  462
 704  462
 705  462
 706  463
 707  463
 708  463
 708  464
 707  464
 706  464
 705  465
 706  466
 707  467
 708  467
 707  467
 706  467
 705  467
 704  468
 703  468
 702  468
 701  469
 700  469
 699  469
 698  469
 697  468
 696  468
 695  467
 694  467
 693  466
 692  466
 691  466
 690  466
 689  466
 688  466
 687  466
 686  466
 685  466
 684  466
 683  466
 682  466
 681  466
 680  466
 679  467
 678  467
 677  467
 676  467
 675  467
 674  467
 673  467
 672  467
 671  467
 670  468
 669  468
 668  469
 667  469
 666  470
 666  471
 665  471
 664  471
 663  471
 662  471
 661  471
 660  471
 659  471
 658  471
 657  471
 656  471
 655  471
 654  471
 653  471
 652  472
 651  472
 650  473
 649  473
 648  474
 647  474
 646  475
 645  475
 644  475
 643  475
 642  475
 641  475
 640  475
 639  475
 638  475
 637  476
 637  477
 637  478
 637  479
 637  480
 637  481
 636  482
 635  482
 634  483
 634  484
 634  485
 634  486
 634  487
 634  488
 634  489
 634  490
 634  491
 634  492
 634  493
 634  494
 634  495
 634  496
 634  497
 635  498
 636  499
 636  500
 636  501
 636  502
 636  503
 635  503
 634  504
 634  505
 634  506
 634  507
 634  508
 633  509
 633  510
 633  511
 633  512
 632  513
 631  514
 630  514
 629  513
 629  512
 628  511
 628  510
 627  509
 627  508
 626  507
 626  506
 625  505
 625  504
 624  503
 623  502
 622  502
 621  502
 620  503
 619  503
 618  503
 617  503
 616  502
 615  502
 614  502
 613  502
 612  501
 611  501
 610  500
 609  500
 608  499
 607  498
 606  497
 606  496
 606  495
 606  494
 606  493
 605  492
 604  491
 603  490
 602  489
 601  488
 600  487
 599  486
 598  485
 597  484
 596  483
 595  482
 594  481
 593  480
 592  480
 591  479
 590  478
 589  477
 588  476
 587  475
 586  475
 585  474
 584  474
 583  474
 582  474
 581  475
 580  475
 579  476
 578  477
 577  478
 576  479
 575  480
 575  481
 574  482
 573  483
 573  484
 572  485
 571  486
 570  487
 569  488
 569  489
 568  490
 567  491
 566  492
 565  492
 564  492
 563  492
 562  492
 561  492
 560  492
 559  492
 558  492
 557  491
 556  491
 555  490
 554  490
 553  490
 552  490
 551  490
 550  490
 549  490
 548  490
 547  490
 546  489
 545  489
 544  489
 543  489
 542  489
 541  489
 540  489
 539  489
 538  489
 537  489
 536  488
 535  488
 534  488
 533  487
 532  487
 531  486
 530  486
 529  486
 528  486
 527  486
 526  486
 525  486
 524  486
 523  486
 522  486
 521  486
 520  486
 519  487
 518  486
 517  486
 516  487
 515  488
 514  489
 513  490
 513  491
 512  492
 512  493
 512  494
 512  495
 512  496
 512  497
 512  498
 512  499
 511  500
 510  500
 509  500
 508  501
 508  502
 507  503
 506  504
 505  505
 504  505
 503  506
 502  506
 501  506
 500  506
 499  507
 498  507
 497  508
 496  509
 495  509
 494  510
 494  511
 493  511
 492  511
 491  512
 490  513
 489  514
 489  515
 488  516
 487  516
 486  517
 485  518
 484  519
 484  520
 484  521
 483  522
 483  523
 483  524
 482  525
 482  526
 482  527
 481  528
 480  528
 479  527
 478  526
 477  525
 477  524
 477  523
 476  522
 475  521
 475  520
 475  519
 474  518
 473  517
 472  516
 471  516
 470  516
 469  515
 469  514
 469  513
 469  512
 469  511
 469  510
 469  509
 583  581
 582  581
 581  581
 580  581
 579  580
 578  580
 577  580
 576  580
 575  580
 574  580
 573  580
 572  580
 571  580
 570  580
 569  581
 568  582
 567  582
 566  582
 565  582
 564  583
 563  583
 562  583
 561  584
 560  585
 560  586
 559  587
 558  588
 557  589
 556  590
 556  591
 555  592
 555  593
 554  593
 553  593
 552  593
 551  593
 550  594
 551  595
 551  596
 551  597
 550  598
 549  599
 549  600
 549  601
 550  602
 550  603
 550  604
 550  605
 550  606
 550  607
 550  608
 550  609
 550  610
 550  611
 551  612
 551  613
 551  614
 551  615
 552  616
 552  617
 552  618
 553  619
 553  620
 553  621
 553  622
 553  623
 553  624
 553  625
 553  626
 553  627
 553  628
 553  629
 553  630
 553  631
 553  632
 553  633
 553  634
 553  635
 552  636
 551  637
 551  638
 552  639
 553  640
 552  641
 553  642
 553  643
 553  644
 553  645
 552  646
 552  647
 552  648
 551  649
 551  650
 550  651
 549  652
 548  653
 547  654
 546  655
 545  656
 545  657
 544  657
 543  658
 542  659
 542  660
 541  660
 540  661
 539  662
 538  662
 537  662
 536  662
 535  662
 534  662
 533  662
 532  663
 531  664
 530  665
 529  665
 528  665
 527  666
 526  666
 525  666
 524  667
 523  667
 522  668
 521  668
 520  669
 519  669
 518  669
 517  669
 516  670
 515  670
 514  671
 513  671
 512  672
 511  672
 510  673
 509  673
 508  673
 507  673
 506  673
 505  673
 504  672
 503  672
 502  672
 501  672
 500  671
 500  670
 500  669
 499  668
 499  667
 498  666
 498  665
 497  664
 496  664
 495  664
 494  664
 493  664
 492  664
 491  664
 490  664
 489  664
 488  664
 487  664
 486  664
 485  664
 484  664
 483  664
 482  664
 481  664
 480  664
 479  665
 478  665
 477  666
 476  666
 475  667
 474  667
 473  668
 472  668
 471  669
 470  669
 469  670
 468  670
 467  670
 466  670
 465  670
 464  670
 463  670
 462  670
 461  670
 460  670
 459  669
 459  668
 460  667
 461  666
 462  665
 463  664
 463  663
 464  662
 465  661
 465  660
 466  659
 467  658
 468  657
 469  656
 470  655
 470  654
 471  654
 472  653
 473  652
 474  652
 475  651
 476  651
 477  651
 478  651
 479  651
 480  651
 481  651
 482  651
 483  651
 484  652
 485  652
 486  653
 487  653
 488  653
 489  654
 490  655
 491  655
 492  655
 493  655
 494  655
 495  655
 496  655
 497  655
 498  655
 499  655
 500  654
 501  653
 502  652
 503  651
 504  650
 504  649
 504  648
 504  647
 504  646
 505  645
 506  644
 507  643
 508  642
 509  641
 509  640
 510  639
 510  638
 509  637
 509  636
 509  635
 508  634
 508  633
 508  632
 507  631
 506  630
 505  629
 504  628
 503  627
 502  627
 501  626
 500  626
 499  626
 498  625
 497  625
 496  624
 495  623
 494  622
 493  622
 492  622
 491  621
 490  620
 490  619
 490  618
 490  617
 489  616
 489  615
 488  614
 488  613
 487  612
 486  612
 485  612
 484  612
 483  612
 483  611
 482  610
 482  609
 482  608
 482  607
 482  606
 483  605
 484  604
 484  603
 484  602
 484  601
 483  600
 483  599
 482  598
 482  597
 482  596
 482  595
 481  594
 481  593
 480  592
 479  592
 478  592
 477  593
 476  594
 475  594
 474  595
 473  595
 472  595
 471  595
 470  596
 469  596
 468  596
 467  596
 466  596
 465  595
 464  594
 463  594
 462  594
 461  595
 460  595
 459  596
 458  597
 458  598
 457  599
 457  600
 457  601
 457  602
 457  603
 457  604
 457  605
 457  606
 457  607
 457  608
 457  609
 457  610
 457  611
 457  612
 457  613
 457  614
 457  615
 457  616
 457  617
 457  618
 456  619
 456  620
 456  621
 456  622
 456  623
 456  624
 456  625
 455  626
 455  627
 455  628
 455  629
 455  630
 456  631
 456  632
 456  633
 456  634
 455  635
 454  636
 453  637
 452  638
 451  639
 451  640
 450  641
 449  642
 448  643
 447  644
 447  645
 446  646
 446  647
 446  648
 446  649
 446  650
 445  651
 445  652
 445  653
 445  654
 445  655
 445  656
 444  657
 444  658
 444  659
 445  660
 446  661
 447  661
 448  662
 449  663
 450  664
 451  665
 452  666
 452  667
 453  668
 453  669
 454  670
 454  671
 454  672
 454  673
 455  674
 456  675
 456  676
 456  677
 456  678
 456  679
 456  680
 456  681
 456  682
 457  683
 458  683
 458  684
 459  685
 458  686
 458  687
 458  688
 458  689
 458  690
 457  689
 456  689
 455  690
 456  691
 456  692
 457  693
 458  694
 458  695
 458  696
 459  697
 459  698
 459  699
 460  700
 461  700
 462  701
 463  702
 464  703
 465  703
 466  703
 467  703
 468  703
 469  703
 470  703
 471  703
 472  703
 473  703
 474  704
 475  704
 476  705
 477  706
 477  707
 478  708
 478  709
 478  710
 479  711
 479  712
 480  713
 480  714
 480  715
 480  716
 480  717
 479  717
 478  717
 477  716
 477  715
 476  714
 476  713
 476  712
 475  711
 474  710
 473  710
 472  709
 471  708
 470  708
 469  708
 468  708
 467  708
 466  708
 465  708
 464  708
 463  708
 462  708
 461  708
 460  708
 459  708
 458  708
 457  708
 456  707
 455  706
 454  706
 453  706
 452  706
 451  706
 450  706
 449  707
 449  708
 449  709
 448  710
 447  711
 447  712
 446  713
 446  714
 447  715
 447  716
 446  717
 447  718
 447  719
 448  720
 448  721
 449  722
 449  723
 449  724
 449  725
 448  726
 447  725
 446  725
 445  724
 445  723
 444  722
 444  721
 443  720
 443  719
 442  718
 442  717
 441  716
 440  715
 439  715
 438  715
 437  716
 437  717
 436  718
 436  719
 436  720
 436  721
 436  722
 435  722
 434  722
 433  723
 432  722
 432  721
 431  720
 430  720
 429  721
 428  722
 427  723
 426  724
 425  725
 424  726
 423  726
 422  727
 421  727
 420  728
 419  729
 418  729
 417  729
 416  729
 417  728
 417  727
 418  726
 418  725
 419  724
 420  723
 420  722
 421  721
 422  720
 422  719
 422  718
 422  717
 422  716
 422  715
 422  714
 423  713
 423  712
 424  711
 424  710
 424  709
 423  708
 422  707
 421  706
 421  705
 420  704
 419  703
 419  702
 418  701
 418  700
 418  699
 417  698
 416  697
 416  696
 416  695
 415  694
 414  693
 413  692
 412  691
 411  690
 410  689
 409  688
 409  687
 409  686
 408  685
 407  685
 406  685
 405  685
 405  684
 405  683
 404  682
 403  682
 402  681
 401  681
 400  681
 399  681
 398  680
 397  679
 397  678
 397  677
 398  676
 399  675
 400  675
 401  674
 402  674
 403  674
 404  674
 405  675
 406  676
 407  677
 408  676
 409  676
 410  675
 411  674
 412  674
 413  673
 414  672
 415  671
 415  670
 415  669
 416  668
 417  667
 417  666
 417  665
 418  664
 419  663
 418  662
 419  661
 420  660
 421  659
 422  658
 423  657
 423  656
 424  655
 425  654
 426  653
 427  652
 428  652
 429  651
 430  650
 429  649
 429  648
 430  648
 431  648
 432  648
 433  647
 432  646
 431  645
 430  645
 429  644
 428  644
 428  643
 427  642
 426  641
 426  640
 425  639
 425  638
 424  637
 424  636
 424  635
 424  634
 423  633
 423  632
 423  631
 423  630
 422  629
 422  628
 422  627
 421  626
 420  625
 419  624
 418  624
 417  623
 416  622
 415  621
 415  620
 414  619
 413  618
 412  617
 411  616
 411  615
 410  614
 410  613
 410  612
 409  611
 409  610
 409  609
 409  608
 408  607
 408  606
 408  605
 408  604
 408  603
 407  602
 408  601
 408  600
 408  599
 408  598
 409  597
 409  596
 410  596
 411  595
 411  594
 411  593
 411  592
 411  591
 412  590
 413  590
 414  591
 415  591
 416  592
 416  593
 417  594
 418  595
 418  596
 418  597
 419  598
 419  599
 420  600
 421  601
 422  602
 423  602
 424  601
 424  600
 424  599
 424  598
 424  597
 424  596
 424  595
 424  594
 424  593
 423  592
 422  591
 421  590
 421  589
 420  588
 420  587
 420  586
 420  585
 421  584
 422  584
 423  583
 424  582
 424  581
 424  580
 424  579
 424  578
 424  577
 424  576
 424  575
 423  574
 423  573
 423  572
 423  571
 422  570
 421  569
 420  568
 419  567
 418  566
 418  565
 417  564
 417  563
 417  562
 417  561
 417  560
 417  559
 417  558
 417  557
 417  556
 417  555
 417  554
 417  553
 417  552
 417  551
 417  550
 417  549
 417  548
 418  548
 419  549
 419  550
 420  551
 421  552
 421  553
 422  554
 423  555
 423  556
 424  557
 424  558
 425  559
 426  560
 427  560
 428  561
 429  561
 430  561
 431  561
 432  562
 432  563
 432  564
 432  565
 433  566
 434  566
 435  566
 436  566
 437  567
 438  566
 439  565
 440  565
 441  566
 441  567
 442  568
 442  569
 442  570
 443  571
 444  572
 445  573
 446  574
 447  575
 448  575
 449  575
 450  575
 451  575
 452  575
 453  574
 454  573
 455  572
 455  571
 455  570
 455  569
 456  568
 457  567
 457  566
 456  565
 455  565
 455  564
 455  563
 455  562
 456  561
 456  560
 457  559
 458  558
 458  557
 458  556
 458  555
 457  554
 456  554
 455  554
 455  553
 455  552
 454  551
 454  550
 453  549
 453  548
 453  547
 453  546
 453  545
 452  544
 451  543
 450  543
 449  543
 449  542
 449  541
 449  540
 448  539
 447  539
 447  538
 447  537
 447  536
 446  535
 445  534
 445  533
 444  532
 444  531
 444  530
 443  529
 443  528
 442  527
 441  528
 440  529
 439  529
 438  529
 437  528
 436  528
 435  527
 435  526
 434  525
 434  524
 433  523
 432  522
 431  522
 430  521
 429  520
 428  519
 428  518
 427  517
 426  516
 425  516
 424  515
 423  515
 422  515
 421  515
 420  515
 419  515
 418  515
 417  515
 416  516
 415  516
 414  516
 413  516
 412  516
 411  515
 410  515
 409  514
 409  513
 408  512
 407  511
 406  511
 405  510
 405  509
 404  508
 403  508
 402  507
 401  507
 401  506
 402  505
 402  504
 401  503
 400  502
 399  501
 398  501
 397  500
 396  500
 395  500
 394  499
 393  498
 392  498
 391  497
 390  496
 389  496
 388  495
 387  495
 386  494
 385  494
 384  494
 383  493
 383  492
 382  491
 381  490
 381  489
 381  488
 381  487
 381  486
 381  485
