   x    y
 514  263
 515  262
 515  261
 516  260
 517  259
 517  258
 518  257
 519  256
 520  255
 521  254
 522  253
 523  252
 524  251
 525  251
 526  250
 527  249
 528  248
 529  248
 530  247
 531  248
 531  249
 531  250
 530  251
 529  252
 529  253
 529  254
 529  255
 529  256
 529  257
 530  258
 531  259
 532  259
 533  259
 534  259
 535  259
 535  260
 536  261
 537  261
 538  261
 539  261
 540  261
 541  261
 542  261
 543  261
 544  261
 545  262
 546  263
 547  264
 548  265
 548  266
 549  267
 549  268
 550  269
 550  270
 550  271
 550  272
 550  273
 549  274
 549  275
 548  276
 547  277
 547  278
 547  279
 546  280
 545  281
 544  281
 543  281
 542  281
 541  281
 541  280
 540  279
 540  278
 541  277
 541  276
 541  275
 541  274
 541  273
 541  272
 541  271
 541  270
 541  269
 541  268
 540  267
 539  266
 538  266
 537  266
 536  266
 535  266
 534  266
 533  266
 532  266
 531  266
 530  266
 529  266
 528  267
 527  267
 526  268
 526  269
 526  270
 526  271
 525  272
 524  273
 524  274
 524  275
 524  276
 524  277
 523  278
 522  278
 521  278
 520  278
 519  278
 518  277
 517  276
 517  275
 516  274
 516  273
 515  272
 514  271
 514  270
 514  269
 514  268
 514  267
 514  266
 514  265
 514  264
 514  263
 547  618
 546  618
 545  617
 544  617
 543  617
 542  617
 541  616
 540  616
 539  616
 538  616
 537  615
 536  615
 535  615
 534  614
 533  614
 532  613
 531  613
 530  613
 529  613
 528  612
 527  612
 526  611
 525  611
 524  610
 523  610
 522  610
 521  609
 520  608
 519  608
 518  607
 517  607
 516  606
 515  606
 514  606
 513  606
 513  605
 512  604
 511  604
 510  604
 517  498
 516  498
 515  498
 514  498
 513  498
 512  499
 511  499
 510  500
 509  500
 508  500
 507  501
 506  501
 505  500
 504  500
 503  500
 502  500
 501  500
 500  500
 499  500
 498  500
 497  501
 496  501
 495  502
 494  502
 493  503
 492  504
 491  505
 490  506
 489  506
 488  507
 487  507
 486  508
 485  508
 484  508
 483  509
 482  509
 481  509
 480  510
 479  510
 478  511
 477  511
 476  512
 475  513
 474  513
 473  514
 472  514
 471  514
 470  514
 469  514
 468  514
 467  515
 466  516
 465  516
 464  517
 463  518
 462  519
 461  520
 460  521
 459  522
 458  523
 457  524
 456  525
 456  526
 455  526
 454  526
 454  525
 454  524
 453  523
 453  522
 361  662
 361  663
 361  664
 361  665
 361  666
 362  667
 363  668
 364  669
 365  669
 366  669
 367  669
 368  669
 369  670
 370  670
 370  671
 370  672
 369  673
 368  674
 368  675
 367  676
 367  677
 366  677
 365  678
 364  678
 363  679
 362  679
 361  680
 360  681
 359  682
 359  683
 359  684
 359  685
 358  685
 358  684
 357  683
 356  683
 355  683
 354  683
 353  682
 352  683
 351  684
 350  684
 349  685
 348  684
 347  683
 346  684
 345  685
 344  684
 344  683
 345  682
 345  681
 346  680
 346  679
 346  678
 345  677
 344  676
 343  675
 343  674
 343  673
 343  672
 343  671
 342  670
 342  669
 342  668
 341  667
 341  666
 340  665
 339  664
 338  663
 337  663
 336  663
 335  663
 334  663
 333  663
 332  664
 331  665
 330  665
 329  666
 328  666
 327  667
 326  667
 325  667
 324  668
 323  669
 322  669
 322  668
 322  667
 322  666
 323  665
 323  664
 324  663
 325  663
 326  663
 327  663
 328  662
 329  661
 330  660
 330  659
 330  658
 330  657
 330  656
 330  655
 330  654
 329  653
 328  652
 327  652
 326  652
 325  652
 324  653
 323  654
 322  655
 321  655
 320  656
 319  656
 318  657
 317  657
 316  657
 315  657
 314  657
 313  657
 312  657
 311  656
 310  656
 310  655
 309  654
 308  654
 307  653
 306  653
 305  653
 304  652
 303  651
 303  650
 303  649
 304  649
 305  649
 306  650
 307  650
 308  650
 309  650
 310  650
 311  650
 312  649
 313  649
 314  649
 315  648
 316  647
 316  646
 317  645
 318  645
 319  644
 320  643
 321  642
 322  641
 322  640
 322  639
 321  638
 321  637
 320  636
 320  635
 319  634
 319  633
 318  632
 317  631
 316  630
 316  629
 315  628
 314  627
 313  626
 313  625
 312  624
 311  623
 310  622
 309  621
 309  620
 309  619
 309  618
 308  617
 308  616
 307  615
 306  614
 305  614
 304  614
 303  613
 302  612
 302  611
 301  610
 300  609
 299  609
 298  608
 297  607
 297  606
 296  605
 295  604
 294  604
 293  603
 617  519
 618  519
 619  518
 620  518
 621  517
 622  517
 623  516
 623  517
 623  518
 624  519
 624  520
 624  521
 623  522
 622  523
 621  524
 620  525
 619  526
 619  527
 618  528
 618  529
 617  530
 616  531
 615  532
 614  533
 613  534
 612  535
 612  536
 611  537
 610  538
 609  539
 608  540
 607  541
 606  542
 605  543
 604  544
 603  545
 602  546
 601  546
 601  545
 601  544
 601  543
 601  542
 602  541
 603  540
 603  539
 603  538
 604  537
 604  536
 605  535
 605  534
 605  533
 605  532
 605  531
 605  530
 605  529
 605  528
 604  527
 603  527
 602  528
 601  528
 600  528
 599  528
 598  528
 597  528
 596  529
 595  530
 595  531
 594  532
 595  533
 595  534
 596  535
 596  536
 596  537
 595  538
 595  539
 594  540
 593  541
 592  540
 591  539
 591  538
 591  537
 590  536
 589  535
 588  535
 587  535
 586  536
 585  536
 584  536
 583  536
 582  536
 581  536
 580  536
 579  536
 578  536
 577  537
 576  538
 575  538
 574  539
 573  540
 572  540
 571  540
 570  540
 569  540
 568  539
 567  538
 566  537
 565  536
 565  535
 564  534
 563  534
 562  533
 561  533
 560  533
 559  533
 558  533
 557  533
 556  533
 555  534
 554  535
 554  536
 553  537
 552  537
 551  537
 550  536
 549  535
 548  535
 547  534
 546  534
 545  534
 544  534
 543  535
 542  536
 541  537
 540  538
 540  539
 540  540
 539  541
 540  542
 541  543
 542  544
 543  544
 544  545
 544  546
 544  547
 544  548
 544  549
 544  550
 543  551
 543  552
 542  552
 541  553
 540  554
 539  554
 538  553
 537  553
 536  552
 535  552
 534  552
 533  552
 532  551
 531  551
 530  550
 529  549
 528  548
 527  548
 527  547
 526  546
 525  546
 524  546
 523  546
 522  546
 521  546
 520  546
 519  546
 518  546
 517  545
 516  545
 515  545
 514  545
 513  545
 512  545
 511  545
 510  545
 509  546
 508  546
 507  546
 506  546
 505  547
 504  548
 503  548
 502  549
 501  550
 500  550
 499  550
 499  549
 498  548
 497  548
 496  548
 495  547
 494  547
 493  546
 492  545
 493  544
 493  543
 494  542
 495  542
 496  541
 496  540
 496  539
 495  538
 495  537
 495  536
 495  535
 496  535
 497  535
 498  535
 499  534
 500  534
 501  535
 502  535
 503  535
 504  535
 505  536
 506  536
 507  537
 508  537
 509  537
 510  537
 511  537
 512  537
 513  537
 514  537
 515  537
 516  537
 517  537
 518  537
 519  537
 520  537
 521  537
 522  537
 523  537
 524  537
 525  537
 526  536
 527  535
 528  534
 528  533
 527  532
 527  531
 526  530
 525  529
 524  529
 523  529
 522  528
 521  528
 520  528
 519  528
 518  529
 517  529
 516  529
 515  529
 514  530
 513  530
 512  530
 511  530
 510  530
 509  529
 508  528
 507  528
 506  528
 505  527
 504  527
 503  527
 502  526
 501  525
 500  525
 499  525
 498  525
 497  525
 496  525
 495  526
 494  526
 493  526
 492  526
 491  525
 490  525
 489  525
 488  525
 487  526
 486  527
 485  528
 485  529
 485  530
 484  530
 483  530
 482  531
 481  531
 480  531
 479  532
 478  532
 477  532
 476  531
 475  531
 475  530
 474  529
 474  528
 473  527
 472  527
 472  526
 471  525
 471  524
 471  523
 597  315
 596  315
 595  315
 594  315
 593  316
 592  316
 591  317
 590  317
 589  318
 588  318
 587  319
 586  320
 585  321
 584  322
 583  323
 582  324
 581  325
 581  326
 580  326
 579  327
 578  327
 577  328
 576  328
 575  328
 574  328
 573  327
 572  327
 571  327
 570  327
 569  327
 568  327
 567  326
 566  326
 565  325
 564  325
 563  324
 562  325
 561  325
 560  326
 559  326
 559  325
 559  324
 559  323
 559  322
 559  321
 560  320
 560  319
 560  318
 560  317
 560  316
 559  315
 558  315
 558  314
 559  314
 560  314
 561  314
 562  313
 563  313
 564  313
 565  313
 566  313
 567  313
 568  312
 569  311
 570  310
 571  309
 572  308
 573  307
 574  306
 574  305
 575  304
 576  303
 577  302
 578  302
 579  301
 580  300
 580  299
 581  298
 581  297
 581  296
 581  295
 580  294
 580  293
 579  292
 579  291
 578  290
 578  289
 578  288
 579  287
 580  287
 581  287
 581  288
 582  289
 583  288
 584  289
 585  289
 586  289
 587  288
 588  288
 589  288
 590  288
 591  287
 592  286
 592  285
 593  284
 594  283
 595  282
 595  281
 596  280
 596  279
 597  278
 597  277
 597  276
 597  275
 597  274
 598  273
 599  272
 599  271
 600  270
 600  269
 600  268
 600  267
 600  266
 600  265
 600  264
 600  263
 599  262
 598  261
 598  260
 598  259
 598  258
 598  257
 598  256
 598  255
 598  254
 598  253
 598  252
 598  251
 598  250
 598  249
 598  248
 598  247
 598  246
 598  245
 599  244
 600  245
 600  246
 601  247
 602  247
 603  247
 604  246
 605  245
 606  244
 606  243
 606  242
 606  241
 606  240
 606  239
 606  238
 606  237
 605  236
 604  235
 603  235
 602  234
 601  234
 600  233
 600  232
 599  231
 598  231
 597  230
 596  230
 595  229
 595  228
 595  227
 595  226
 594  225
 594  224
 593  223
 593  222
 592  221
 591  220
 590  219
 589  218
 588  217
 587  216
 587  215
 587  214
 587  213
 586  212
 586  211
 586  210
 585  209
 584  209
 583  209
 582  209
 581  210
 580  211
 580  212
 579  213
 579  214
 579  215
 579  216
 578  217
 578  218
 577  219
 576  219
 576  218
 576  217
 576  216
 576  215
 576  214
 575  213
 575  212
 574  211
 573  210
 572  209
 572  208
 572  207
 572  206
 572  205
 572  204
 571  203
 570  203
 569  204
 569  205
 568  206
 567  207
 566  208
 565  208
 564  209
 563  209
 562  210
 562  209
 561  208
 561  207
 561  206
 560  205
 560  204
 561  203
 562  202
 562  201
 563  200
 562  199
 561  198
 560  197
 559  197
 558  196
 557  196
 556  196
 555  195
 554  195
 553  195
 552  195
 551  195
 550  195
 549  195
 548  195
 547  196
 546  196
 545  197
 544  197
 543  198
 542  199
 541  199
 540  200
 539  200
 538  201
 537  201
 536  202
 535  202
 534  202
 533  203
 532  203
 531  204
 530  204
 529  205
 528  206
 527  207
 527  208
 526  209
 526  210
 526  211
 527  212
 527  213
 527  214
 527  215
 527  216
 527  217
 527  218
 526  219
 526  220
 525  220
 524  220
 523  221
 522  222
 521  223
 520  223
 519  223
 518  224
 517  224
 516  224
 515  224
 514  224
 513  225
 512  224
 511  225
 510  225
 509  224
 508  224
 507  223
 506  223
 505  223
 504  223
 503  224
 502  224
 501  225
 501  226
 500  227
 499  228
 498  229
 497  230
 496  230
 495  230
 494  230
 493  230
 492  230
 491  229
 490  229
 489  230
 488  230
 487  229
 487  228
 487  227
 487  226
 487  225
 487  224
 488  223
 489  222
 489  221
 489  220
 489  219
 489  218
 489  217
 488  216
 487  215
 487  214
 487  213
 486  212
 486  211
 486  210
 485  209
 485  208
 485  207
 484  206
 484  205
 484  204
 484  203
 483  202
 482  202
 482  201
 482  200
 482  199
 988  475
 988  474
 989  473
 990  472
 991  472
 992  471
 993  470
 994  469
 994  468
 995  467
 996  466
 996  465
 996  464
 996  463
 997  462
 997  461
 997  460
 996  459
 996  458
 995  457
 994  457
 993  457
 992  457
 991  457
 990  458
 989  459
 988  459
 987  460
 987  461
 986  462
 985  463
 984  464
 983  465
 982  466
 981  467
 980  467
 979  467
 978  468
 977  468
 976  468
 975  469
 974  470
 974  471
 973  472
 972  472
 971  472
 970  472
 969  472
 968  471
 967  471
 966  470
 965  470
 964  470
 963  470
 962  470
 961  470
 960  469
 959  469
 958  468
 957  468
 956  468
 955  468
 954  468
 953  468
 952  468
 951  468
 950  467
 949  467
 948  467
 947  467
 946  466
 945  466
 944  466
 943  465
 942  465
 941  464
 940  464
 939  463
 938  463
 938  462
 937  461
 936  461
 935  460
 934  459
 933  458
 933  457
 932  456
 931  455
 931  454
 930  453
 930  452
 929  451
 929  450
 928  449
 928  448
 928  447
 928  446
 927  445
 926  445
 925  444
 924  443
 923  443
 922  442
 921  441
 920  441
 919  440
 918  439
 917  439
 916  439
 915  439
 914  438
 913  437
 912  436
 911  436
 910  436
 909  436
 908  435
 907  435
 906  435
 905  435
 904  435
 903  435
 902  436
 901  436
 900  436
 899  436
 898  437
 897  437
 896  438
 895  439
 894  439
 893  439
 892  439
 891  439
 890  439
 889  439
 888  439
 887  439
 886  439
 885  439
 884  439
 883  439
 882  439
 881  439
 880  439
 879  439
 878  440
 877  441
 876  442
 876  443
 875  444
 874  445
 873  446
 873  447
 872  448
 871  448
 870  449
 869  450
 868  451
 867  452
 866  453
 865  454
 864  454
 863  454
 862  454
 861  454
 860  454
 859  454
 858  453
 857  453
 856  452
 855  452
 854  452
 853  451
 852  450
 851  450
 850  449
 849  448
 849  447
 848  446
 847  446
 846  445
 845  446
 844  446
 843  446
 842  446
 841  446
 840  446
 839  446
 838  446
 837  446
 836  445
 835  445
 834  445
 833  445
 832  445
 831  445
 830  445
 829  445
 828  446
 827  446
 826  445
 825  445
 824  444
 823  444
 822  444
 821  444
 820  444
 819  443
 818  443
 817  443
 816  443
 815  443
 814  443
 813  443
 812  443
 811  443
 810  443
 809  443
 808  443
 807  443
 806  443
 805  443
 804  443
 803  443
 802  444
 801  444
 800  444
 799  445
 798  445
 797  445
 796  445
 795  445
 794  445
 793  445
 792  445
 791  445
 790  445
 789  445
 788  445
 787  445
 787  444
 787  443
 787  442
 787  441
 787  440
 786  439
 785  438
 785  437
 785  436
 785  435
 785  434
 785  433
 785  432
 785  431
 785  430
 784  429
 783  428
 782  427
 781  427
 780  426
 780  425
 781  424
 780  423
 779  422
 778  422
 777  422
 776  422
 775  422
 774  421
 773  421
 772  421
 771  421
 770  421
 769  420
 768  420
 767  420
 766  420
 766  419
 765  418
 764  417
 763  416
 763  415
 762  414
 761  413
 760  412
 759  411
 758  411
 758  410
 758  409
 758  408
 757  407
 757  406
 756  405
 755  405
 754  404
 753  404
 752  404
 751  404
 750  404
 749  404
 748  404
 747  404
 746  404
 745  404
 744  404
 743  404
 742  404
 741  404
 740  404
 739  404
 738  404
 737  404
 736  404
 735  404
 734  405
 733  406
 732  407
 731  407
 730  408
 729  409
 728  410
 727  411
 727  412
 726  413
 725  414
 724  415
 723  416
 722  416
 721  417
 720  417
 719  418
 718  418
 717  419
 716  419
 715  420
 714  420
 713  420
 712  420
 711  421
 710  422
 709  423
 708  424
 707  424
 706  424
 705  425
 704  425
 703  426
 702  427
 701  428
 700  429
 699  429
 698  430
 697  431
 696  431
 695  432
 694  433
 693  434
 692  434
 691  435
 690  436
 689  436
 688  437
 687  437
 686  437
 685  438
 684  438
 683  438
 682  439
 681  439
 680  440
 679  440
 678  441
 677  441
 676  442
 675  442
 674  442
 673  442
 672  443
 671  444
 670  445
 669  445
 668  445
 667  446
 666  446
 665  447
 664  447
 663  448
 663  449
 663  450
 663  451
 663  452
 663  453
 664  454
 665  454
 666  454
 667  454
 668  454
 669  454
 670  454
 671  454
 672  454
 673  455
 673  456
 674  457
 674  458
 674  459
 674  460
 674  461
 674  462
 675  463
 675  464
 676  465
 677  465
 678  465
 679  466
 680  466
 681  466
 682  465
 683  465
 684  465
 685  465
 686  465
 687  464
 687  463
 687  462
 687  461
 688  460
 689  459
 690  459
 691  458
 692  458
 693  457
 694  456
 695  456
 696  456
 697  456
 698  457
 699  457
 700  457
 700  458
 701  459
 701  460
 701  461
 702  462
 703  462
 704  462
 705  462
 706  463
 707  463
 708  463
 708  464
 707  464
 706  464
 705  465
 706  466
 707  467
 708  467
 707  467
 706  467
 705  467
 704  468
 703  468
 702  468
 701  469
 700  469
 699  469
 698  469
 697  468
 696  468
 695  467
 694  467
 693  466
 692  466
 691  466
 690  466
 689  466
 688  466
 687  466
 686  466
 685  466
 684  466
 683  466
 682  466
 681  466
 680  466
 679  467
 678  467
 677  467
 676  467
 675  467
 674  467
 673  467
 672  467
 671  467
 670  468
 669  468
 668  469
 667  469
 666  470
 666  471
 665  471
 664  471
 663  471
 662  471
 661  471
 660  471
 659  471
 658  471
 657  471
 656  471
 655  471
 654  471
 653  471
 652  472
 651  472
 650  473
 649  473
 648  474
 647  474
 646  475
 645  475
 644  475
 643  475
 642  475
 641  475
 640  475
 639  475
 638  475
 637  476
 637  477
 637  478
 637  479
 637  480
 637  481
 636  482
 635  482
 634  483
 634  484
 634  485
 634  486
 634  487
 634  488
 634  489
 634  490
 634  491
 634  492
 634  493
 634  494
 634  495
 634  496
 634  497
 635  498
 636  499
 636  500
 636  501
 636  502
 636  503
 635  503
 634  504
 634  505
 634  506
 634  507
 634  508
 633  509
 633  510
 633  511
 633  512
 632  513
 631  514
 630  514
 629  513
 629  512
 628  511
 628  510
 627  509
 627  508
 626  507
 626  506
 625  505
 625  504
 624  503
 623  502
 622  502
 621  502
 620  503
 619  503
 618  503
 617  503
 616  502
 615  502
 614  502
 613  502
 612  501
 611  501
 610  500
 609  500
 608  499
 607  498
 606  497
 606  496
 606  495
 606  494
 606  493
 605  492
 604  491
 603  490
 602  489
 601  488
 600  487
 599  486
 598  485
 597  484
 596  483
 595  482
 594  481
 593  480
 592  480
 591  479
 590  478
 589  477
 588  476
 587  475
 586  475
 585  474
 584  474
 583  474
 582  474
 581  475
 580  475
 579  476
 578  477
 577  478
 576  479
 575  480
 575  481
 574  482
 573  483
 573  484
 572  485
 571  486
 570  487
 569  488
 569  489
 568  490
 567  491
 566  492
 565  492
 564  492
 563  492
 562  492
 561  492
 560  492
 559  492
 558  492
 557  491
 556  491
 555  490
 554  490
 553  490
 552  490
 551  490
 550  490
 549  490
 548  490
 547  490
 546  489
 545  489
 544  489
 543  489
 542  489
 541  489
 540  489
 539  489
 538  489
 537  489
 536  488
 535  488
 534  488
 533  487
 532  487
 531  486
 530  486
 529  486
 528  486
 527  486
 526  486
 525  486
 524  486
 523  486
 522  486
 521  486
 520  486
 519  487
 518  486
 517  486
 516  487
 515  488
 514  489
 513  490
 513  491
 512  492
 512  493
 512  494
 512  495
 512  496
 512  497
 512  498
 512  499
 511  500
 510  500
 509  500
 508  501
 508  502
 507  503
 506  504
 505  505
 504  505
 503  506
 502  506
 501  506
 500  506
 499  507
 498  507
 497  508
 496  509
 495  509
 494  510
 494  511
 493  511
 492  511
 491  512
 490  513
 489  514
 489  515
 488  516
 487  516
 486  517
 485  518
 484  519
 484  520
 484  521
 483  522
 483  523
 483  524
 482  525
 482  526
 482  527
 481  528
 480  528
 479  527
 478  526
 477  525
 477  524
 477  523
 476  522
 475  521
 475  520
 475  519
 474  518
 473  517
 472  516
 471  516
 470  516
 469  515
 469  514
 469  513
 469  512
 469  511
 469  510
 469  509
 583  581
 582  581
 581  581
 580  581
 579  580
 578  580
 577  580
 576  580
 575  580
 574  580
 573  580
 572  580
 571  580
 570  580
 569  581
 568  582
 567  582
 566  582
 565  582
 564  583
 563  583
 562  583
 561  584
 560  585
 560  586
 559  587
 558  588
 557  589
 556  590
 556  591
 555  592
 555  593
 554  593
 553  593
 552  593
 551  593
 550  594
 551  595
 551  596
 551  597
 550  598
 549  599
 549  600
 549  601
 550  602
 550  603
 550  604
 550  605
 550  606
 550  607
 550  608
 550  609
 550  610
 550  611
 551  612
 551  613
 551  614
 551  615
 552  616
 552  617
 552  618
 553  619
 553  620
 553  621
 553  622
 553  623
 553  624
 553  625
 553  626
 553  627
 553  628
 553  629
 553  630
 553  631
 553  632
 553  633
 553  634
 553  635
 552  636
 551  637
 551  638
 552  639
 553  640
 552  641
 553  642
 553  643
 553  644
 553  645
 552  646
 552  647
 552  648
 551  649
 551  650
 550  651
 549  652
 548  653
 547  654
 546  655
 545  656
 545  657
 544  657
 543  658
 542  659
 542  660
 541  660
 540  661
 539  662
 538  662
 537  662
 536  662
 535  662
 534  662
 533  662
 532  663
 531  664
 530  665
 529  665
 528  665
 527  666
 526  666
 525  666
 524  667
 523  667
 522  668
 521  668
 520  669
 519  669
 518  669
 517  669
 516  670
 515  670
 514  671
 513  671
 512  672
 511  672
 510  673
 509  673
 508  673
 507  673
 506  673
 505  673
 504  672
 503  672
 502  672
 501  672
 500  671
 500  670
 500  669
 499  668
 499  667
 498  666
 498  665
 497  664
 496  664
 495  664
 494  664
 493  664
 492  664
 491  664
 490  664
 489  664
 488  664
 487  664
 486  664
 485  664
 484  664
 483  664
 482  664
 481  664
 480  664
 479  665
 478  665
 477  666
 476  666
 475  667
 474  667
 473  668
 472  668
 471  669
 470  669
 469  670
 468  670
 467  670
 466  670
 465  670
 464  670
 463  670
 462  670
 461  670
 460  670
 459  669
 459  668
 460  667
 461  666
 462  665
 463  664
 463  663
 464  662
 465  661
 465  660
 466  659
 467  658
 468  657
 469  656
 470  655
 470  654
 471  654
 472  653
 473  652
 474  652
 475  651
 476  651
 477  651
 478  651
 479  651
 480  651
 481  651
 482  651
 483  651
 484  652
 485  652
 486  653
 487  653
 488  653
 489  654
 490  655
 491  655
 492  655
 493  655
 494  655
 495  655
 496  655
 497  655
 498  655
 499  655
 500  654
 501  653
 502  652
 503  651
 504  650
 504  649
 504  648
 504  647
 504  646
 505  645
 506  644
 507  643
 508  642
 509  641
 509  640
 510  639
 510  638
 509  637
 509  636
 509  635
 508  634
 508  633
 508  632
 507  631
 506  630
 505  629
 504  628
 503  627
 502  627
 501  626
 500  626
 499  626
 498  625
 497  625
 496  624
 495  623
 494  622
 493  622
 492  622
 491  621
 490  620
 490  619
 490  618
 490  617
 489  616
 489  615
 488  614
 488  613
 487  612
 486  612
 485  612
 484  612
 483  612
 483  611
 482  610
 482  609
 482  608
 482  607
 482  606
 483  605
 484  604
 484  603
 484  602
 484  601
 483  600
 483  599
 482  598
 482  597
 482  596
 482  595
 481  594
 481  593
 480  592
 479  592
 478  592
 477  593
 476  594
 475  594
 474  595
 473  595
 472  595
 471  595
 470  596
 469  596
 468  596
 467  596
 466  596
 465  595
 464  594
 463  594
 462  594
 461  595
 460  595
 459  596
 458  597
 458  598
 457  599
 457  600
 457  601
 457  602
 457  603
 457  604
 457  605
 457  606
 457  607
 457  608
 457  609
 457  610
 457  611
 457  612
 457  613
 457  614
 457  615
 457  616
 457  617
 457  618
 456  619
 456  620
 456  621
 456  622
 456  623
 456  624
 456  625
 455  626
 455  627
 455  628
 455  629
 455  630
 456  631
 456  632
 456  633
 456  634
 455  635
 454  636
 453  637
 452  638
 451  639
 451  640
 450  641
 449  642
 448  643
 447  644
 447  645
 446  646
 446  647
 446  648
 446  649
 446  650
 445  651
 445  652
 445  653
 445  654
 445  655
 445  656
 444  657
 444  658
 444  659
 445  660
 446  661
 447  661
 448  662
 449  663
 450  664
 451  665
 452  666
 452  667
 453  668
 453  669
 454  670
 454  671
 454  672
 454  673
 455  674
 456  675
 456  676
 456  677
 456  678
 456  679
 456  680
 456  681
 456  682
 457  683
 458  683
 458  684
 459  685
 458  686
 458  687
 458  688
 458  689
 458  690
 457  689
 456  689
 455  690
 456  691
 456  692
 457  693
 458  694
 458  695
 458  696
 459  697
 459  698
 459  699
 460  700
 461  700
 462  701
 463  702
 464  703
 465  703
 466  703
 467  703
 468  703
 469  703
 470  703
 471  703
 472  703
 473  703
 474  704
 475  704
 476  705
 477  706
 477  707
 478  708
 478  709
 478  710
 479  711
 479  712
 480  713
 480  714
 480  715
 480  716
 480  717
 479  717
 478  717
 477  716
 477  715
 476  714
 476  713
 476  712
 475  711
 474  710
 473  710
 472  709
 471  708
 470  708
 469  708
 468  708
 467  708
 466  708
 465  708
 464  708
 463  708
 462  708
 461  708
 460  708
 459  708
 458  708
 457  708
 456  707
 455  706
 454  706
 453  706
 452  706
 451  706
 450  706
 449  707
 449  708
 449  709
 448  710
 447  711
 447  712
 446  713
 446  714
 447  715
 447  716
 446  717
 447  718
 447  719
 448  720
 448  721
 449  722
 449  723
 449  724
 449  725
 448  726
 447  725
 446  725
 445  724
 445  723
 444  722
 444  721
 443  720
 443  719
 442  718
 442  717
 441  716
 440  715
 439  715
 438  715
 437  716
 437  717
 436  718
 436  719
 436  720
 436  721
 436  722
 435  722
 434  722
 433  723
 432  722
 432  721
 431  720
 430  720
 429  721
 428  722
 427  723
 426  724
 425  725
 424  726
 423  726
 422  727
 421  727
 420  728
 419  729
 418  729
 417  729
 416  729
 417  728
 417  727
 418  726
 418  725
 419  724
 420  723
 420  722
 421  721
 422  720
 422  719
 422  718
 422  717
 422  716
 422  715
 422  714
 423  713
 423  712
 424  711
 424  710
 424  709
 423  708
 422  707
 421  706
 421  705
 420  704
 419  703
 419  702
 418  701
 418  700
 418  699
 417  698
 416  697
 416  696
 416  695
 415  694
 414  693
 413  692
 412  691
 411  690
 410  689
 409  688
 409  687
 409  686
 408  685
 407  685
 406  685
 405  685
 405  684
 405  683
 404  682
 403  682
 402  681
 401  681
 400  681
 399  681
 398  680
 397  679
 397  678
 397  677
 398  676
 399  675
 400  675
 401  674
 402  674
 403  674
 404  674
 405  675
 406  676
 407  677
 408  676
 409  676
 410  675
 411  674
 412  674
 413  673
 414  672
 415  671
 415  670
 415  669
 416  668
 417  667
 417  666
 417  665
 418  664
 419  663
 418  662
 419  661
 420  660
 421  659
 422  658
 423  657
 423  656
 424  655
 425  654
 426  653
 427  652
 428  652
 429  651
 430  650
 429  649
 429  648
 430  648
 431  648
 432  648
 433  647
 432  646
 431  645
 430  645
 429  644
 428  644
 428  643
 427  642
 426  641
 426  640
 425  639
 425  638
 424  637
 424  636
 424  635
 424  634
 423  633
 423  632
 423  631
 423  630
 422  629
 422  628
 422  627
 421  626
 420  625
 419  624
 418  624
 417  623
 416  622
 415  621
 415  620
 414  619
 413  618
 412  617
 411  616
 411  615
 410  614
 410  613
 410  612
 409  611
 409  610
 409  609
 409  608
 408  607
 408  606
 408  605
 408  604
 408  603
 407  602
 408  601
 408  600
 408  599
 408  598
 409  597
 409  596
 410  596
 411  595
 411  594
 411  593
 411  592
 411  591
 412  590
 413  590
 414  591
 415  591
 416  592
 416  593
 417  594
 418  595
 418  596
 418  597
 419  598
 419  599
 420  600
 421  601
 422  602
 423  602
 424  601
 424  600
 424  599
 424  598
 424  597
 424  596
 424  595
 424  594
 424  593
 423  592
 422  591
 421  590
 421  589
 420  588
 420  587
 420  586
 420  585
 421  584
 422  584
 423  583
 424  582
 424  581
 424  580
 424  579
 424  578
 424  577
 424  576
 424  575
 423  574
 423  573
 423  572
 423  571
 422  570
 421  569
 420  568
 419  567
 418  566
 418  565
 417  564
 417  563
 417  562
 417  561
 417  560
 417  559
 417  558
 417  557
 417  556
 417  555
 417  554
 417  553
 417  552
 417  551
 417  550
 417  549
 417  548
 418  548
 419  549
 419  550
 420  551
 421  552
 421  553
 422  554
 423  555
 423  556
 424  557
 424  558
 425  559
 426  560
 427  560
 428  561
 429  561
 430  561
 431  561
 432  562
 432  563
 432  564
 432  565
 433  566
 434  566
 435  566
 436  566
 437  567
 438  566
 439  565
 440  565
 441  566
 441  567
 442  568
 442  569
 442  570
 443  571
 444  572
 445  573
 446  574
 447  575
 448  575
 449  575
 450  575
 451  575
 452  575
 453  574
 454  573
 455  572
 455  571
 455  570
 455  569
 456  568
 457  567
 457  566
 456  565
 455  565
 455  564
 455  563
 455  562
 456  561
 456  560
 457  559
 458  558
 458  557
 458  556
 458  555
 457  554
 456  554
 455  554
 455  553
 455  552
 454  551
 454  550
 453  549
 453  548
 453  547
 453  546
 453  545
 452  544
 451  543
 450  543
 449  543
 449  542
 449  541
 449  540
 448  539
 447  539
 447  538
 447  537
 447  536
 446  535
 445  534
 445  533
 444  532
 444  531
 444  530
 443  529
 443  528
 442  527
 441  528
 440  529
 439  529
 438  529
 437  528
 436  528
 435  527
 435  526
 434  525
 434  524
 433  523
 432  522
 431  522
 430  521
 429  520
 428  519
 428  518
 427  517
 426  516
 425  516
 424  515
 423  515
 422  515
 421  515
 420  515
 419  515
 418  515
 417  515
 416  516
 415  516
 414  516
 413  516
 412  516
 411  515
 410  515
 409  514
 409  513
 408  512
 407  511
 406  511
 405  510
 405  509
 404  508
 403  508
 402  507
 401  507
 401  506
 402  505
 402  504
 401  503
 400  502
 399  501
 398  501
 397  500
 396  500
 395  500
 394  499
 393  498
 392  498
 391  497
 390  496
 389  496
 388  495
 387  495
 386  494
 385  494
 384  494
 383  493
 383  492
 382  491
 381  490
 381  489
 381  488
 381  487
 381  486
 381  485
